theta1 Theta2 dTheta1 dTheta2
0.00 -0.50 1.30 0.40 
0.00 -0.50 1.30 0.43 
0.00 -0.50 1.30 0.45 
0.00 -0.50 1.29 0.48 
0.01 -0.50 1.29 0.50 
0.01 -0.50 1.29 0.53 
0.01 -0.50 1.29 0.55 
0.01 -0.50 1.28 0.58 
0.01 -0.50 1.28 0.60 
0.01 -0.50 1.28 0.63 
0.01 -0.49 1.28 0.65 
0.01 -0.49 1.27 0.68 
0.02 -0.49 1.27 0.71 
0.02 -0.49 1.27 0.73 
0.02 -0.49 1.27 0.75 
0.02 -0.49 1.26 0.78 
0.02 -0.49 1.26 0.80 
0.02 -0.49 1.26 0.83 
0.02 -0.49 1.26 0.85 
0.02 -0.49 1.25 0.88 
0.03 -0.49 1.25 0.90 
0.03 -0.49 1.25 0.93 
0.03 -0.49 1.25 0.95 
0.03 -0.48 1.24 0.98 
0.03 -0.48 1.24 1.00 
0.03 -0.48 1.24 1.02 
0.03 -0.48 1.23 1.05 
0.03 -0.48 1.23 1.07 
0.04 -0.48 1.23 1.10 
0.04 -0.48 1.23 1.12 
0.04 -0.48 1.22 1.14 
0.04 -0.48 1.22 1.17 
0.04 -0.47 1.22 1.19 
0.04 -0.47 1.21 1.21 
0.04 -0.47 1.21 1.24 
0.04 -0.47 1.21 1.26 
0.05 -0.47 1.20 1.28 
0.05 -0.47 1.20 1.31 
0.05 -0.47 1.20 1.33 
0.05 -0.47 1.20 1.35 
0.05 -0.46 1.19 1.37 
0.05 -0.46 1.19 1.40 
0.05 -0.46 1.19 1.42 
0.05 -0.46 1.18 1.44 
0.05 -0.46 1.18 1.46 
0.06 -0.46 1.18 1.49 
0.06 -0.46 1.17 1.51 
0.06 -0.45 1.17 1.53 
0.06 -0.45 1.17 1.55 
0.06 -0.45 1.16 1.57 
0.06 -0.45 1.16 1.59 
0.06 -0.45 1.16 1.62 
0.06 -0.45 1.15 1.64 
0.06 -0.44 1.15 1.66 
0.07 -0.44 1.15 1.68 
0.07 -0.44 1.14 1.70 
0.07 -0.44 1.14 1.72 
0.07 -0.44 1.13 1.74 
0.07 -0.44 1.13 1.76 
0.07 -0.43 1.13 1.78 
0.07 -0.43 1.12 1.80 
0.07 -0.43 1.12 1.83 
0.08 -0.43 1.12 1.85 
0.08 -0.43 1.11 1.87 
0.08 -0.43 1.11 1.89 
0.08 -0.42 1.10 1.91 
0.08 -0.42 1.10 1.93 
0.08 -0.42 1.10 1.94 
0.08 -0.42 1.09 1.96 
0.08 -0.42 1.09 1.98 
0.08 -0.41 1.08 2.00 
0.08 -0.41 1.08 2.02 
0.09 -0.41 1.08 2.04 
0.09 -0.41 1.07 2.06 
0.09 -0.41 1.07 2.08 
0.09 -0.40 1.06 2.10 
0.09 -0.40 1.06 2.12 
0.09 -0.40 1.06 2.13 
0.09 -0.40 1.05 2.15 
0.09 -0.39 1.05 2.17 
0.09 -0.39 1.04 2.19 
0.10 -0.39 1.04 2.21 
0.10 -0.39 1.03 2.22 
0.10 -0.39 1.03 2.24 
0.10 -0.38 1.03 2.26 
0.10 -0.38 1.02 2.28 
0.10 -0.38 1.02 2.29 
0.10 -0.38 1.01 2.31 
0.10 -0.37 1.01 2.33 
0.10 -0.37 1.00 2.34 
0.10 -0.37 1.00 2.36 
0.11 -0.37 0.99 2.38 
0.11 -0.37 0.99 2.39 
0.11 -0.36 0.98 2.41 
0.11 -0.36 0.98 2.42 
0.11 -0.36 0.98 2.44 
0.11 -0.36 0.97 2.46 
0.11 -0.35 0.97 2.47 
0.11 -0.35 0.96 2.49 
0.11 -0.35 0.96 2.50 
0.11 -0.35 0.95 2.52 
0.12 -0.34 0.95 2.53 
0.12 -0.34 0.94 2.55 
0.12 -0.34 0.94 2.56 
0.12 -0.34 0.93 2.58 
0.12 -0.33 0.93 2.59 
0.12 -0.33 0.92 2.61 
0.12 -0.33 0.92 2.62 
0.12 -0.33 0.91 2.63 
0.12 -0.32 0.91 2.65 
0.12 -0.32 0.90 2.66 
0.12 -0.32 0.90 2.68 
0.13 -0.31 0.89 2.69 
0.13 -0.31 0.89 2.70 
0.13 -0.31 0.88 2.72 
0.13 -0.31 0.88 2.73 
0.13 -0.30 0.87 2.74 
0.13 -0.30 0.87 2.76 
0.13 -0.30 0.86 2.77 
0.13 -0.30 0.86 2.78 
0.13 -0.29 0.85 2.79 
0.13 -0.29 0.85 2.81 
0.13 -0.29 0.84 2.82 
0.13 -0.28 0.84 2.83 
0.14 -0.28 0.83 2.84 
0.14 -0.28 0.83 2.85 
0.14 -0.28 0.82 2.87 
0.14 -0.27 0.82 2.88 
0.14 -0.27 0.81 2.89 
0.14 -0.27 0.80 2.90 
0.14 -0.26 0.80 2.91 
0.14 -0.26 0.79 2.92 
0.14 -0.26 0.79 2.93 
0.14 -0.26 0.78 2.94 
0.14 -0.25 0.78 2.95 
0.14 -0.25 0.77 2.96 
0.15 -0.25 0.77 2.97 
0.15 -0.24 0.76 2.99 
0.15 -0.24 0.76 3.00 
0.15 -0.24 0.75 3.01 
0.15 -0.23 0.75 3.02 
0.15 -0.23 0.74 3.02 
0.15 -0.23 0.74 3.03 
0.15 -0.23 0.73 3.04 
0.15 -0.22 0.72 3.05 
0.15 -0.22 0.72 3.06 
0.15 -0.22 0.71 3.07 
0.15 -0.21 0.71 3.08 
0.15 -0.21 0.70 3.09 
0.15 -0.21 0.70 3.10 
0.16 -0.20 0.69 3.11 
0.16 -0.20 0.69 3.12 
0.16 -0.20 0.68 3.12 
0.16 -0.19 0.68 3.13 
0.16 -0.19 0.67 3.14 
0.16 -0.19 0.67 3.15 
0.16 -0.19 0.66 3.16 
0.16 -0.18 0.66 3.16 
0.16 -0.18 0.65 3.17 
0.16 -0.18 0.65 3.18 
0.16 -0.17 0.64 3.19 
0.16 -0.17 0.63 3.20 
0.16 -0.17 0.63 3.20 
0.16 -0.16 0.62 3.21 
0.16 -0.16 0.62 3.22 
0.17 -0.16 0.61 3.22 
0.17 -0.15 0.61 3.23 
0.17 -0.15 0.60 3.24 
0.17 -0.15 0.60 3.24 
0.17 -0.14 0.59 3.25 
0.17 -0.14 0.59 3.26 
0.17 -0.14 0.58 3.26 
0.17 -0.13 0.58 3.27 
0.17 -0.13 0.57 3.28 
0.17 -0.13 0.57 3.28 
0.17 -0.12 0.56 3.29 
0.17 -0.12 0.56 3.30 
0.17 -0.12 0.55 3.30 
0.17 -0.11 0.55 3.31 
0.17 -0.11 0.54 3.31 
0.17 -0.11 0.54 3.32 
0.17 -0.10 0.53 3.32 
0.17 -0.10 0.53 3.33 
0.18 -0.10 0.52 3.33 
0.18 -0.09 0.52 3.34 
0.18 -0.09 0.51 3.35 
0.18 -0.09 0.51 3.35 
0.18 -0.08 0.50 3.36 
0.18 -0.08 0.50 3.36 
0.18 -0.08 0.49 3.37 
0.18 -0.07 0.49 3.37 
0.18 -0.07 0.48 3.37 
0.18 -0.07 0.48 3.38 
0.18 -0.06 0.48 3.38 
0.18 -0.06 0.47 3.39 
0.18 -0.06 0.47 3.39 
0.18 -0.05 0.46 3.40 
0.18 -0.05 0.46 3.40 
0.18 -0.05 0.45 3.41 
0.18 -0.04 0.45 3.41 
0.18 -0.04 0.44 3.41 
0.18 -0.04 0.44 3.42 
0.18 -0.03 0.44 3.42 
0.18 -0.03 0.43 3.43 
0.19 -0.03 0.43 3.43 
0.19 -0.02 0.42 3.43 
0.19 -0.02 0.42 3.44 
0.19 -0.02 0.41 3.44 
0.19 -0.01 0.41 3.44 
0.19 -0.01 0.41 3.45 
0.19 -0.01 0.40 3.45 
0.19 -0.00 0.40 3.45 
0.19 0.00 0.39 3.46 
0.19 0.00 0.39 3.46 
0.19 0.01 0.39 3.46 
0.19 0.01 0.38 3.47 
0.19 0.01 0.38 3.47 
0.19 0.02 0.37 3.47 
0.19 0.02 0.37 3.47 
0.19 0.02 0.37 3.48 
0.19 0.03 0.36 3.48 
0.19 0.03 0.36 3.48 
0.19 0.04 0.36 3.49 
0.19 0.04 0.35 3.49 
0.19 0.04 0.35 3.49 
0.19 0.05 0.35 3.49 
0.19 0.05 0.34 3.50 
0.19 0.05 0.34 3.50 
0.19 0.06 0.34 3.50 
0.19 0.06 0.33 3.50 
0.20 0.06 0.33 3.50 
0.20 0.07 0.33 3.51 
0.20 0.07 0.32 3.51 
0.20 0.07 0.32 3.51 
0.20 0.08 0.32 3.51 
0.20 0.08 0.31 3.51 
0.20 0.08 0.31 3.52 
0.20 0.09 0.31 3.52 
0.20 0.09 0.31 3.52 
0.20 0.09 0.30 3.52 
0.20 0.10 0.30 3.52 
0.20 0.10 0.30 3.52 
0.20 0.10 0.30 3.53 
0.20 0.11 0.29 3.53 
0.20 0.11 0.29 3.53 
0.20 0.12 0.29 3.53 
0.20 0.12 0.29 3.53 
0.20 0.12 0.28 3.53 
0.20 0.13 0.28 3.53 
0.20 0.13 0.28 3.53 
0.20 0.13 0.28 3.54 
0.20 0.14 0.27 3.54 
0.20 0.14 0.27 3.54 
0.20 0.14 0.27 3.54 
0.20 0.15 0.27 3.54 
0.20 0.15 0.27 3.54 
0.20 0.15 0.26 3.54 
0.20 0.16 0.26 3.54 
0.20 0.16 0.26 3.54 
0.20 0.16 0.26 3.54 
0.20 0.17 0.26 3.54 
0.20 0.17 0.26 3.54 
0.20 0.18 0.25 3.54 
0.20 0.18 0.25 3.54 
0.20 0.18 0.25 3.55 
0.21 0.19 0.25 3.55 
0.21 0.19 0.25 3.55 
0.21 0.19 0.25 3.55 
0.21 0.20 0.25 3.55 
0.21 0.20 0.25 3.55 
0.21 0.20 0.24 3.55 
0.21 0.21 0.24 3.55 
0.21 0.21 0.24 3.55 
0.21 0.21 0.24 3.55 
0.21 0.22 0.24 3.55 
0.21 0.22 0.24 3.55 
0.21 0.22 0.24 3.55 
0.21 0.23 0.24 3.55 
0.21 0.23 0.24 3.55 
0.21 0.24 0.24 3.54 
0.21 0.24 0.24 3.54 
0.21 0.24 0.24 3.54 
0.21 0.25 0.24 3.54 
0.21 0.25 0.24 3.54 
0.21 0.25 0.24 3.54 
0.21 0.26 0.24 3.54 
0.21 0.26 0.23 3.54 
0.21 0.26 0.23 3.54 
0.21 0.27 0.23 3.54 
0.21 0.27 0.23 3.54 
0.21 0.27 0.23 3.54 
0.21 0.28 0.23 3.54 
0.21 0.28 0.23 3.54 
0.21 0.28 0.24 3.53 
0.21 0.29 0.24 3.53 
0.21 0.29 0.24 3.53 
0.21 0.30 0.24 3.53 
0.21 0.30 0.24 3.53 
0.21 0.30 0.24 3.53 
0.21 0.31 0.24 3.53 
0.21 0.31 0.24 3.53 
0.21 0.31 0.24 3.52 
0.21 0.32 0.24 3.52 
0.21 0.32 0.24 3.52 
0.21 0.32 0.24 3.52 
0.21 0.33 0.24 3.52 
0.21 0.33 0.24 3.52 
0.22 0.33 0.24 3.52 
0.22 0.34 0.24 3.51 
0.22 0.34 0.25 3.51 
0.22 0.34 0.25 3.51 
0.22 0.35 0.25 3.51 
0.22 0.35 0.25 3.51 
0.22 0.36 0.25 3.50 
0.22 0.36 0.25 3.50 
0.22 0.36 0.25 3.50 
0.22 0.37 0.25 3.50 
0.22 0.37 0.26 3.50 
0.22 0.37 0.26 3.49 
0.22 0.38 0.26 3.49 
0.22 0.38 0.26 3.49 
0.22 0.38 0.26 3.49 
0.22 0.39 0.26 3.48 
0.22 0.39 0.27 3.48 
0.22 0.39 0.27 3.48 
0.22 0.40 0.27 3.48 
0.22 0.40 0.27 3.47 
0.22 0.40 0.27 3.47 
0.22 0.41 0.27 3.47 
0.22 0.41 0.28 3.47 
0.22 0.41 0.28 3.46 
0.22 0.42 0.28 3.46 
0.22 0.42 0.28 3.46 
0.22 0.42 0.28 3.46 
0.22 0.43 0.29 3.45 
0.22 0.43 0.29 3.45 
0.22 0.43 0.29 3.45 
0.22 0.44 0.29 3.44 
0.22 0.44 0.30 3.44 
0.22 0.45 0.30 3.44 
0.22 0.45 0.30 3.44 
0.22 0.45 0.30 3.43 
0.22 0.46 0.31 3.43 
0.22 0.46 0.31 3.43 
0.23 0.46 0.31 3.42 
0.23 0.47 0.31 3.42 
0.23 0.47 0.32 3.42 
0.23 0.47 0.32 3.41 
0.23 0.48 0.32 3.41 
0.23 0.48 0.32 3.40 
0.23 0.48 0.33 3.40 
0.23 0.49 0.33 3.40 
0.23 0.49 0.33 3.39 
0.23 0.49 0.33 3.39 
0.23 0.50 0.34 3.39 
0.23 0.50 0.34 3.38 
0.23 0.50 0.34 3.38 
0.23 0.51 0.35 3.37 
0.23 0.51 0.35 3.37 
0.23 0.51 0.35 3.37 
0.23 0.52 0.36 3.36 
0.23 0.52 0.36 3.36 
0.23 0.52 0.36 3.35 
0.23 0.53 0.36 3.35 
0.23 0.53 0.37 3.35 
0.23 0.53 0.37 3.34 
0.23 0.54 0.37 3.34 
0.23 0.54 0.38 3.33 
0.23 0.54 0.38 3.33 
0.23 0.55 0.38 3.32 
0.23 0.55 0.39 3.32 
0.23 0.55 0.39 3.31 
0.23 0.56 0.39 3.31 
0.24 0.56 0.40 3.31 
0.24 0.56 0.40 3.30 
0.24 0.57 0.40 3.30 
0.24 0.57 0.41 3.29 
0.24 0.57 0.41 3.29 
0.24 0.58 0.41 3.28 
0.24 0.58 0.42 3.28 
0.24 0.58 0.42 3.27 
0.24 0.59 0.42 3.27 
0.24 0.59 0.43 3.26 
0.24 0.59 0.43 3.26 
0.24 0.60 0.44 3.25 
0.24 0.60 0.44 3.25 
0.24 0.60 0.44 3.24 
0.24 0.61 0.45 3.23 
0.24 0.61 0.45 3.23 
0.24 0.61 0.45 3.22 
0.24 0.61 0.46 3.22 
0.24 0.62 0.46 3.21 
0.24 0.62 0.46 3.21 
0.24 0.62 0.47 3.20 
0.24 0.63 0.47 3.19 
0.24 0.63 0.48 3.19 
0.25 0.63 0.48 3.18 
0.25 0.64 0.48 3.18 
0.25 0.64 0.49 3.17 
0.25 0.64 0.49 3.16 
0.25 0.65 0.49 3.16 
0.25 0.65 0.50 3.15 
0.25 0.65 0.50 3.15 
0.25 0.66 0.50 3.14 
0.25 0.66 0.51 3.13 
0.25 0.66 0.51 3.13 
0.25 0.67 0.52 3.12 
0.25 0.67 0.52 3.11 
0.25 0.67 0.52 3.11 
0.25 0.67 0.53 3.10 
0.25 0.68 0.53 3.09 
0.25 0.68 0.53 3.09 
0.25 0.68 0.54 3.08 
0.25 0.69 0.54 3.07 
0.25 0.69 0.55 3.07 
0.25 0.69 0.55 3.06 
0.26 0.70 0.55 3.05 
0.26 0.70 0.56 3.04 
0.26 0.70 0.56 3.04 
0.26 0.71 0.56 3.03 
0.26 0.71 0.57 3.02 
0.26 0.71 0.57 3.01 
0.26 0.71 0.58 3.01 
0.26 0.72 0.58 3.00 
0.26 0.72 0.58 2.99 
0.26 0.72 0.59 2.98 
0.26 0.73 0.59 2.98 
0.26 0.73 0.59 2.97 
0.26 0.73 0.60 2.96 
0.26 0.73 0.60 2.95 
0.26 0.74 0.61 2.94 
0.26 0.74 0.61 2.94 
0.26 0.74 0.61 2.93 
0.27 0.75 0.62 2.92 
0.27 0.75 0.62 2.91 
0.27 0.75 0.62 2.90 
0.27 0.76 0.63 2.89 
0.27 0.76 0.63 2.89 
0.27 0.76 0.64 2.88 
0.27 0.76 0.64 2.87 
0.27 0.77 0.64 2.86 
0.27 0.77 0.65 2.85 
0.27 0.77 0.65 2.84 
0.27 0.78 0.65 2.83 
0.27 0.78 0.66 2.82 
0.27 0.78 0.66 2.81 
0.27 0.78 0.66 2.81 
0.27 0.79 0.67 2.80 
0.28 0.79 0.67 2.79 
0.28 0.79 0.67 2.78 
0.28 0.79 0.68 2.77 
0.28 0.80 0.68 2.76 
0.28 0.80 0.68 2.75 
0.28 0.80 0.69 2.74 
0.28 0.81 0.69 2.73 
0.28 0.81 0.70 2.72 
0.28 0.81 0.70 2.71 
0.28 0.81 0.70 2.70 
0.28 0.82 0.71 2.69 
0.28 0.82 0.71 2.68 
0.28 0.82 0.71 2.67 
0.28 0.82 0.72 2.66 
0.28 0.83 0.72 2.65 
0.29 0.83 0.72 2.64 
0.29 0.83 0.73 2.63 
0.29 0.84 0.73 2.62 
0.29 0.84 0.73 2.61 
0.29 0.84 0.73 2.60 
0.29 0.84 0.74 2.59 
0.29 0.85 0.74 2.57 
0.29 0.85 0.74 2.56 
0.29 0.85 0.75 2.55 
0.29 0.85 0.75 2.54 
0.29 0.86 0.75 2.53 
0.29 0.86 0.76 2.52 
0.29 0.86 0.76 2.51 
0.30 0.86 0.76 2.50 
0.30 0.87 0.77 2.49 
0.30 0.87 0.77 2.47 
0.30 0.87 0.77 2.46 
0.30 0.87 0.77 2.45 
0.30 0.88 0.78 2.44 
0.30 0.88 0.78 2.43 
0.30 0.88 0.78 2.42 
0.30 0.88 0.79 2.41 
0.30 0.89 0.79 2.39 
0.30 0.89 0.79 2.38 
0.30 0.89 0.79 2.37 
0.30 0.89 0.80 2.36 
0.31 0.89 0.80 2.35 
0.31 0.90 0.80 2.33 
0.31 0.90 0.81 2.32 
0.31 0.90 0.81 2.31 
0.31 0.90 0.81 2.30 
0.31 0.91 0.81 2.28 
0.31 0.91 0.82 2.27 
0.31 0.91 0.82 2.26 
0.31 0.91 0.82 2.25 
0.31 0.92 0.82 2.23 
0.31 0.92 0.83 2.22 
0.31 0.92 0.83 2.21 
0.32 0.92 0.83 2.20 
0.32 0.92 0.83 2.18 
0.32 0.93 0.84 2.17 
0.32 0.93 0.84 2.16 
0.32 0.93 0.84 2.15 
0.32 0.93 0.84 2.13 
0.32 0.93 0.85 2.12 
0.32 0.94 0.85 2.11 
0.32 0.94 0.85 2.09 
0.32 0.94 0.85 2.08 
0.32 0.94 0.85 2.07 
0.32 0.95 0.86 2.05 
0.33 0.95 0.86 2.04 
0.33 0.95 0.86 2.03 
0.33 0.95 0.86 2.01 
0.33 0.95 0.87 2.00 
0.33 0.96 0.87 1.99 
0.33 0.96 0.87 1.97 
0.33 0.96 0.87 1.96 
0.33 0.96 0.87 1.95 
0.33 0.96 0.88 1.93 
0.33 0.96 0.88 1.92 
0.33 0.97 0.88 1.90 
0.33 0.97 0.88 1.89 
0.34 0.97 0.88 1.88 
0.34 0.97 0.88 1.86 
0.34 0.97 0.89 1.85 
0.34 0.98 0.89 1.84 
0.34 0.98 0.89 1.82 
0.34 0.98 0.89 1.81 
0.34 0.98 0.89 1.79 
0.34 0.98 0.89 1.78 
0.34 0.99 0.90 1.76 
0.34 0.99 0.90 1.75 
0.34 0.99 0.90 1.74 
0.35 0.99 0.90 1.72 
0.35 0.99 0.90 1.71 
0.35 0.99 0.90 1.69 
0.35 1.00 0.91 1.68 
0.35 1.00 0.91 1.67 
0.35 1.00 0.91 1.65 
0.35 1.00 0.91 1.64 
0.35 1.00 0.91 1.62 
0.35 1.00 0.91 1.61 
0.35 1.01 0.91 1.59 
0.35 1.01 0.92 1.58 
0.36 1.01 0.92 1.56 
0.36 1.01 0.92 1.55 
0.36 1.01 0.92 1.54 
0.36 1.01 0.92 1.52 
0.36 1.01 0.92 1.51 
0.36 1.02 0.92 1.49 
0.36 1.02 0.92 1.48 
0.36 1.02 0.93 1.46 
0.36 1.02 0.93 1.45 
0.36 1.02 0.93 1.43 
0.36 1.02 0.93 1.42 
0.37 1.02 0.93 1.40 
0.37 1.03 0.93 1.39 
0.37 1.03 0.93 1.37 
0.37 1.03 0.93 1.36 
0.37 1.03 0.93 1.34 
0.37 1.03 0.93 1.33 
0.37 1.03 0.94 1.31 
0.37 1.03 0.94 1.30 
0.37 1.04 0.94 1.28 
0.37 1.04 0.94 1.27 
0.37 1.04 0.94 1.26 
0.38 1.04 0.94 1.24 
0.38 1.04 0.94 1.23 
0.38 1.04 0.94 1.21 
0.38 1.04 0.94 1.20 
0.38 1.04 0.94 1.18 
0.38 1.04 0.94 1.17 
0.38 1.05 0.94 1.15 
0.38 1.05 0.94 1.14 
0.38 1.05 0.95 1.12 
0.38 1.05 0.95 1.11 
0.39 1.05 0.95 1.09 
0.39 1.05 0.95 1.08 
0.39 1.05 0.95 1.06 
0.39 1.05 0.95 1.05 
0.39 1.05 0.95 1.03 
0.39 1.06 0.95 1.02 
0.39 1.06 0.95 1.00 
0.39 1.06 0.95 0.99 
0.39 1.06 0.95 0.97 
0.39 1.06 0.95 0.96 
0.39 1.06 0.95 0.94 
0.40 1.06 0.95 0.93 
0.40 1.06 0.95 0.91 
0.40 1.06 0.95 0.90 
0.40 1.06 0.95 0.88 
0.40 1.07 0.95 0.87 
0.40 1.07 0.95 0.85 
0.40 1.07 0.95 0.84 
0.40 1.07 0.95 0.82 
0.40 1.07 0.96 0.81 
0.40 1.07 0.96 0.79 
0.40 1.07 0.96 0.78 
0.41 1.07 0.96 0.76 
0.41 1.07 0.96 0.75 
0.41 1.07 0.96 0.73 
0.41 1.07 0.96 0.72 
0.41 1.07 0.96 0.70 
0.41 1.07 0.96 0.69 
0.41 1.08 0.96 0.67 
0.41 1.08 0.96 0.66 
0.41 1.08 0.96 0.64 
0.41 1.08 0.96 0.63 
0.42 1.08 0.96 0.62 
0.42 1.08 0.96 0.60 
0.42 1.08 0.96 0.59 
0.42 1.08 0.96 0.57 
0.42 1.08 0.96 0.56 
0.42 1.08 0.96 0.54 
0.42 1.08 0.96 0.53 
0.42 1.08 0.96 0.51 
0.42 1.08 0.96 0.50 
0.42 1.08 0.96 0.48 
0.43 1.08 0.96 0.47 
0.43 1.08 0.96 0.45 
0.43 1.08 0.96 0.44 
0.43 1.08 0.96 0.42 
0.43 1.08 0.96 0.41 
0.43 1.09 0.96 0.40 
0.43 1.09 0.96 0.38 
0.43 1.09 0.96 0.37 
0.43 1.09 0.96 0.35 
0.43 1.09 0.96 0.34 
0.43 1.09 0.96 0.32 
0.44 1.09 0.96 0.31 
0.44 1.09 0.96 0.29 
0.44 1.09 0.96 0.28 
0.44 1.09 0.96 0.27 
0.44 1.09 0.96 0.25 
0.44 1.09 0.96 0.24 
0.44 1.09 0.96 0.22 
0.44 1.09 0.96 0.21 
0.44 1.09 0.96 0.19 
0.44 1.09 0.96 0.18 
0.45 1.09 0.96 0.17 
0.45 1.09 0.95 0.15 
0.45 1.09 0.95 0.14 
0.45 1.09 0.95 0.12 
0.45 1.09 0.95 0.11 
0.45 1.09 0.95 0.09 
0.45 1.09 0.95 0.08 
0.45 1.09 0.95 0.07 
0.45 1.09 0.95 0.05 
0.45 1.09 0.95 0.04 
0.45 1.09 0.95 0.02 
0.46 1.09 0.95 0.01 
0.46 1.09 0.95 -0.00 
0.46 1.09 0.95 -0.02 
0.46 1.09 0.95 -0.03 
0.46 1.09 0.95 -0.05 
0.46 1.09 0.95 -0.06 
0.46 1.09 0.95 -0.07 
0.46 1.09 0.95 -0.09 
0.46 1.09 0.95 -0.10 
0.46 1.09 0.95 -0.11 
0.46 1.09 0.95 -0.13 
0.47 1.09 0.95 -0.14 
0.47 1.09 0.95 -0.16 
0.47 1.09 0.95 -0.17 
0.47 1.09 0.95 -0.18 
0.47 1.09 0.95 -0.20 
0.47 1.09 0.95 -0.21 
0.47 1.09 0.95 -0.22 
0.47 1.09 0.95 -0.24 
0.47 1.09 0.95 -0.25 
0.47 1.09 0.95 -0.26 
0.48 1.09 0.95 -0.28 
0.48 1.09 0.95 -0.29 
0.48 1.09 0.94 -0.30 
0.48 1.09 0.94 -0.32 
0.48 1.09 0.94 -0.33 
0.48 1.09 0.94 -0.34 
0.48 1.09 0.94 -0.36 
0.48 1.09 0.94 -0.37 
0.48 1.09 0.94 -0.38 
0.48 1.08 0.94 -0.40 
0.48 1.08 0.94 -0.41 
0.49 1.08 0.94 -0.42 
0.49 1.08 0.94 -0.44 
0.49 1.08 0.94 -0.45 
0.49 1.08 0.94 -0.46 
0.49 1.08 0.94 -0.48 
0.49 1.08 0.94 -0.49 
0.49 1.08 0.94 -0.50 
0.49 1.08 0.94 -0.52 
0.49 1.08 0.94 -0.53 
0.49 1.08 0.94 -0.54 
0.50 1.08 0.94 -0.55 
0.50 1.08 0.94 -0.57 
0.50 1.08 0.94 -0.58 
0.50 1.08 0.94 -0.59 
0.50 1.08 0.94 -0.61 
0.50 1.08 0.94 -0.62 
0.50 1.08 0.94 -0.63 
0.50 1.08 0.94 -0.64 
0.50 1.07 0.94 -0.66 
0.50 1.07 0.93 -0.67 
0.50 1.07 0.93 -0.68 
0.51 1.07 0.93 -0.69 
0.51 1.07 0.93 -0.71 
0.51 1.07 0.93 -0.72 
0.51 1.07 0.93 -0.73 
0.51 1.07 0.93 -0.74 
0.51 1.07 0.93 -0.76 
0.51 1.07 0.93 -0.77 
0.51 1.07 0.93 -0.78 
0.51 1.07 0.93 -0.79 
0.51 1.07 0.93 -0.81 
0.51 1.06 0.93 -0.82 
0.52 1.06 0.93 -0.83 
0.52 1.06 0.93 -0.84 
0.52 1.06 0.93 -0.86 
0.52 1.06 0.93 -0.87 
0.52 1.06 0.93 -0.88 
0.52 1.06 0.93 -0.89 
0.52 1.06 0.93 -0.90 
0.52 1.06 0.93 -0.92 
0.52 1.06 0.93 -0.93 
0.52 1.06 0.93 -0.94 
0.52 1.06 0.93 -0.95 
0.53 1.05 0.93 -0.96 
0.53 1.05 0.93 -0.98 
0.53 1.05 0.93 -0.99 
0.53 1.05 0.93 -1.00 
0.53 1.05 0.93 -1.01 
0.53 1.05 0.92 -1.02 
0.53 1.05 0.92 -1.04 
0.53 1.05 0.92 -1.05 
0.53 1.05 0.92 -1.06 
0.53 1.05 0.92 -1.07 
0.53 1.04 0.92 -1.08 
0.54 1.04 0.92 -1.09 
0.54 1.04 0.92 -1.11 
0.54 1.04 0.92 -1.12 
0.54 1.04 0.92 -1.13 
0.54 1.04 0.92 -1.14 
0.54 1.04 0.92 -1.15 
0.54 1.04 0.92 -1.16 
0.54 1.03 0.92 -1.18 
0.54 1.03 0.92 -1.19 
0.54 1.03 0.92 -1.20 
0.55 1.03 0.92 -1.21 
0.55 1.03 0.92 -1.22 
0.55 1.03 0.92 -1.23 
0.55 1.03 0.92 -1.24 
0.55 1.03 0.92 -1.25 
0.55 1.03 0.92 -1.27 
0.55 1.02 0.92 -1.28 
0.55 1.02 0.92 -1.29 
0.55 1.02 0.92 -1.30 
0.55 1.02 0.92 -1.31 
0.55 1.02 0.92 -1.32 
0.56 1.02 0.92 -1.33 
0.56 1.02 0.92 -1.34 
0.56 1.01 0.92 -1.35 
0.56 1.01 0.92 -1.37 
0.56 1.01 0.92 -1.38 
0.56 1.01 0.92 -1.39 
0.56 1.01 0.92 -1.40 
0.56 1.01 0.92 -1.41 
0.56 1.01 0.92 -1.42 
0.56 1.01 0.92 -1.43 
0.56 1.00 0.92 -1.44 
0.57 1.00 0.91 -1.45 
0.57 1.00 0.91 -1.46 
0.57 1.00 0.91 -1.47 
0.57 1.00 0.91 -1.48 
0.57 1.00 0.91 -1.49 
0.57 0.99 0.91 -1.50 
0.57 0.99 0.91 -1.51 
0.57 0.99 0.91 -1.52 
0.57 0.99 0.91 -1.53 
0.57 0.99 0.91 -1.55 
0.57 0.99 0.91 -1.56 
0.58 0.99 0.91 -1.57 
0.58 0.98 0.91 -1.58 
0.58 0.98 0.91 -1.59 
0.58 0.98 0.91 -1.60 
0.58 0.98 0.91 -1.61 
0.58 0.98 0.91 -1.62 
0.58 0.98 0.91 -1.63 
0.58 0.97 0.91 -1.64 
0.58 0.97 0.91 -1.65 
0.58 0.97 0.91 -1.66 
0.58 0.97 0.91 -1.66 
0.59 0.97 0.91 -1.67 
0.59 0.97 0.91 -1.68 
0.59 0.96 0.91 -1.69 
0.59 0.96 0.91 -1.70 
0.59 0.96 0.91 -1.71 
0.59 0.96 0.91 -1.72 
0.59 0.96 0.91 -1.73 
0.59 0.96 0.91 -1.74 
0.59 0.95 0.91 -1.75 
0.59 0.95 0.91 -1.76 
0.59 0.95 0.91 -1.77 
0.60 0.95 0.91 -1.78 
0.60 0.95 0.91 -1.79 
0.60 0.95 0.90 -1.80 
0.60 0.94 0.90 -1.81 
0.60 0.94 0.90 -1.81 
0.60 0.94 0.90 -1.82 
0.60 0.94 0.90 -1.83 
0.60 0.94 0.90 -1.84 
0.60 0.93 0.90 -1.85 
0.60 0.93 0.90 -1.86 
0.60 0.93 0.90 -1.87 
0.60 0.93 0.90 -1.88 
0.61 0.93 0.90 -1.88 
0.61 0.93 0.90 -1.89 
0.61 0.92 0.90 -1.90 
0.61 0.92 0.90 -1.91 
0.61 0.92 0.90 -1.92 
0.61 0.92 0.90 -1.92 
0.61 0.92 0.90 -1.93 
0.61 0.91 0.90 -1.94 
0.61 0.91 0.90 -1.95 
0.61 0.91 0.90 -1.96 
0.61 0.91 0.90 -1.96 
0.62 0.91 0.90 -1.97 
0.62 0.90 0.89 -1.98 
0.62 0.90 0.89 -1.99 
0.62 0.90 0.89 -2.00 
0.62 0.90 0.89 -2.00 
0.62 0.90 0.89 -2.01 
0.62 0.89 0.89 -2.02 
0.62 0.89 0.89 -2.03 
0.62 0.89 0.89 -2.03 
0.62 0.89 0.89 -2.04 
0.62 0.89 0.89 -2.05 
0.63 0.88 0.89 -2.05 
0.63 0.88 0.89 -2.06 
0.63 0.88 0.89 -2.07 
0.63 0.88 0.89 -2.07 
0.63 0.88 0.88 -2.08 
0.63 0.87 0.88 -2.09 
0.63 0.87 0.88 -2.09 
0.63 0.87 0.88 -2.10 
0.63 0.87 0.88 -2.11 
0.63 0.87 0.88 -2.11 
0.63 0.86 0.88 -2.12 
0.64 0.86 0.88 -2.13 
0.64 0.86 0.88 -2.13 
0.64 0.86 0.88 -2.14 
0.64 0.85 0.88 -2.14 
0.64 0.85 0.87 -2.15 
0.64 0.85 0.87 -2.15 
0.64 0.85 0.87 -2.16 
0.64 0.85 0.87 -2.17 
0.64 0.84 0.87 -2.17 
0.64 0.84 0.87 -2.18 
0.64 0.84 0.87 -2.18 
0.64 0.84 0.87 -2.19 
0.65 0.84 0.87 -2.19 
0.65 0.83 0.86 -2.20 
0.65 0.83 0.86 -2.20 
0.65 0.83 0.86 -2.21 
0.65 0.83 0.86 -2.21 
0.65 0.82 0.86 -2.22 
0.65 0.82 0.86 -2.22 
0.65 0.82 0.86 -2.23 
0.65 0.82 0.85 -2.23 
0.65 0.82 0.85 -2.24 
0.65 0.81 0.85 -2.24 
0.66 0.81 0.85 -2.24 
0.66 0.81 0.85 -2.25 
0.66 0.81 0.85 -2.25 
0.66 0.80 0.85 -2.26 
0.66 0.80 0.84 -2.26 
0.66 0.80 0.84 -2.26 
0.66 0.80 0.84 -2.27 
0.66 0.80 0.84 -2.27 
0.66 0.79 0.84 -2.27 
0.66 0.79 0.84 -2.28 
0.66 0.79 0.83 -2.28 
0.66 0.79 0.83 -2.28 
0.67 0.78 0.83 -2.29 
0.67 0.78 0.83 -2.29 
0.67 0.78 0.83 -2.29 
0.67 0.78 0.82 -2.30 
0.67 0.77 0.82 -2.30 
0.67 0.77 0.82 -2.30 
0.67 0.77 0.82 -2.30 
0.67 0.77 0.82 -2.31 
0.67 0.77 0.81 -2.31 
0.67 0.76 0.81 -2.31 
0.67 0.76 0.81 -2.31 
0.67 0.76 0.81 -2.32 
0.67 0.76 0.80 -2.32 
0.68 0.75 0.80 -2.32 
0.68 0.75 0.80 -2.32 
0.68 0.75 0.80 -2.32 
0.68 0.75 0.80 -2.32 
0.68 0.74 0.79 -2.33 
0.68 0.74 0.79 -2.33 
0.68 0.74 0.79 -2.33 
0.68 0.74 0.79 -2.33 
0.68 0.74 0.78 -2.33 
0.68 0.73 0.78 -2.33 
0.68 0.73 0.78 -2.33 
0.68 0.73 0.78 -2.34 
0.69 0.73 0.77 -2.34 
0.69 0.72 0.77 -2.34 
0.69 0.72 0.77 -2.34 
0.69 0.72 0.76 -2.34 
0.69 0.72 0.76 -2.34 
0.69 0.71 0.76 -2.34 
0.69 0.71 0.76 -2.34 
0.69 0.71 0.75 -2.34 
0.69 0.71 0.75 -2.34 
0.69 0.71 0.75 -2.34 
0.69 0.70 0.74 -2.34 
0.69 0.70 0.74 -2.34 
0.69 0.70 0.74 -2.34 
0.69 0.70 0.73 -2.34 
0.70 0.69 0.73 -2.34 
0.70 0.69 0.73 -2.34 
0.70 0.69 0.73 -2.34 
0.70 0.69 0.72 -2.34 
0.70 0.68 0.72 -2.34 
0.70 0.68 0.72 -2.34 
0.70 0.68 0.71 -2.34 
0.70 0.68 0.71 -2.34 
0.70 0.67 0.71 -2.34 
0.70 0.67 0.70 -2.34 
0.70 0.67 0.70 -2.34 
0.70 0.67 0.70 -2.34 
0.70 0.67 0.69 -2.34 
0.70 0.66 0.69 -2.34 
0.71 0.66 0.68 -2.34 
0.71 0.66 0.68 -2.34 
0.71 0.66 0.68 -2.33 
0.71 0.65 0.67 -2.33 
0.71 0.65 0.67 -2.33 
0.71 0.65 0.67 -2.33 
0.71 0.65 0.66 -2.33 
0.71 0.64 0.66 -2.33 
0.71 0.64 0.65 -2.33 
0.71 0.64 0.65 -2.33 
0.71 0.64 0.65 -2.33 
0.71 0.64 0.64 -2.32 
0.71 0.63 0.64 -2.32 
0.71 0.63 0.64 -2.32 
0.71 0.63 0.63 -2.32 
0.72 0.63 0.63 -2.32 
0.72 0.62 0.62 -2.32 
0.72 0.62 0.62 -2.32 
0.72 0.62 0.61 -2.31 
0.72 0.62 0.61 -2.31 
0.72 0.61 0.61 -2.31 
0.72 0.61 0.60 -2.31 
0.72 0.61 0.60 -2.31 
0.72 0.61 0.59 -2.31 
0.72 0.61 0.59 -2.30 
0.72 0.60 0.59 -2.30 
0.72 0.60 0.58 -2.30 
0.72 0.60 0.58 -2.30 
0.72 0.60 0.57 -2.30 
0.72 0.59 0.57 -2.29 
0.72 0.59 0.56 -2.29 
0.72 0.59 0.56 -2.29 
0.73 0.59 0.55 -2.29 
0.73 0.58 0.55 -2.29 
0.73 0.58 0.55 -2.28 
0.73 0.58 0.54 -2.28 
0.73 0.58 0.54 -2.28 
0.73 0.58 0.53 -2.28 
0.73 0.57 0.53 -2.28 
0.73 0.57 0.52 -2.28 
0.73 0.57 0.52 -2.27 
0.73 0.57 0.51 -2.27 
0.73 0.56 0.51 -2.27 
0.73 0.56 0.50 -2.27 
0.73 0.56 0.50 -2.26 
0.73 0.56 0.49 -2.26 
0.73 0.56 0.49 -2.26 
0.73 0.55 0.49 -2.26 
0.73 0.55 0.48 -2.26 
0.73 0.55 0.48 -2.25 
0.73 0.55 0.47 -2.25 
0.73 0.54 0.47 -2.25 
0.74 0.54 0.46 -2.25 
0.74 0.54 0.46 -2.25 
0.74 0.54 0.45 -2.24 
0.74 0.53 0.45 -2.24 
0.74 0.53 0.44 -2.24 
0.74 0.53 0.44 -2.24 
0.74 0.53 0.43 -2.24 
0.74 0.53 0.43 -2.23 
0.74 0.52 0.42 -2.23 
0.74 0.52 0.42 -2.23 
0.74 0.52 0.41 -2.23 
0.74 0.52 0.41 -2.23 
0.74 0.51 0.40 -2.22 
0.74 0.51 0.40 -2.22 
0.74 0.51 0.39 -2.22 
0.74 0.51 0.38 -2.22 
0.74 0.51 0.38 -2.22 
0.74 0.50 0.37 -2.21 
0.74 0.50 0.37 -2.21 
0.74 0.50 0.36 -2.21 
0.74 0.50 0.36 -2.21 
0.74 0.50 0.35 -2.21 
0.74 0.49 0.35 -2.20 
0.74 0.49 0.34 -2.20 
0.74 0.49 0.34 -2.20 
0.75 0.49 0.33 -2.20 
0.75 0.48 0.33 -2.20 
0.75 0.48 0.32 -2.19 
0.75 0.48 0.32 -2.19 
0.75 0.48 0.31 -2.19 
0.75 0.48 0.31 -2.19 
0.75 0.47 0.30 -2.19 
0.75 0.47 0.29 -2.19 
0.75 0.47 0.29 -2.18 
0.75 0.47 0.28 -2.18 
0.75 0.46 0.28 -2.18 
0.75 0.46 0.27 -2.18 
0.75 0.46 0.27 -2.18 
0.75 0.46 0.26 -2.18 
0.75 0.46 0.26 -2.17 
0.75 0.45 0.25 -2.17 
0.75 0.45 0.25 -2.17 
0.75 0.45 0.24 -2.17 
0.75 0.45 0.23 -2.17 
0.75 0.44 0.23 -2.17 
0.75 0.44 0.22 -2.16 
0.75 0.44 0.22 -2.16 
0.75 0.44 0.21 -2.16 
0.75 0.44 0.21 -2.16 
0.75 0.43 0.20 -2.16 
0.75 0.43 0.20 -2.16 
0.75 0.43 0.19 -2.15 
0.75 0.43 0.18 -2.15 
0.75 0.43 0.18 -2.15 
0.75 0.42 0.17 -2.15 
0.75 0.42 0.17 -2.15 
0.75 0.42 0.16 -2.15 
0.75 0.42 0.16 -2.14 
0.75 0.41 0.15 -2.14 
0.75 0.41 0.14 -2.14 
0.75 0.41 0.14 -2.14 
0.75 0.41 0.13 -2.14 
0.75 0.41 0.13 -2.14 
0.75 0.40 0.12 -2.14 
0.75 0.40 0.12 -2.13 
0.75 0.40 0.11 -2.13 
0.75 0.40 0.10 -2.13 
0.75 0.40 0.10 -2.13 
0.75 0.39 0.09 -2.13 
0.75 0.39 0.09 -2.13 
0.75 0.39 0.08 -2.13 
0.75 0.39 0.07 -2.12 
0.75 0.39 0.07 -2.12 
0.75 0.38 0.06 -2.12 
0.75 0.38 0.06 -2.12 
0.75 0.38 0.05 -2.12 
0.76 0.38 0.05 -2.12 
0.76 0.37 0.04 -2.12 
0.76 0.37 0.03 -2.12 
0.76 0.37 0.03 -2.11 
0.76 0.37 0.02 -2.11 
0.76 0.37 0.02 -2.11 
0.76 0.36 0.01 -2.11 
0.76 0.36 0.00 -2.11 
0.76 0.36 -0.00 -2.11 
0.76 0.36 -0.01 -2.11 
0.76 0.36 -0.01 -2.10 
0.76 0.35 -0.02 -2.10 
0.76 0.35 -0.03 -2.10 
0.76 0.35 -0.03 -2.10 
0.76 0.35 -0.04 -2.10 
0.76 0.35 -0.04 -2.10 
0.76 0.34 -0.05 -2.10 
0.75 0.34 -0.06 -2.09 
0.75 0.34 -0.06 -2.09 
0.75 0.34 -0.07 -2.09 
0.75 0.33 -0.07 -2.09 
0.75 0.33 -0.08 -2.09 
0.75 0.33 -0.09 -2.09 
0.75 0.33 -0.09 -2.09 
0.75 0.33 -0.10 -2.08 
0.75 0.32 -0.10 -2.08 
0.75 0.32 -0.11 -2.08 
0.75 0.32 -0.12 -2.08 
0.75 0.32 -0.12 -2.08 
0.75 0.32 -0.13 -2.08 
0.75 0.31 -0.13 -2.08 
0.75 0.31 -0.14 -2.07 
0.75 0.31 -0.15 -2.07 
0.75 0.31 -0.15 -2.07 
0.75 0.31 -0.16 -2.07 
0.75 0.30 -0.16 -2.07 
0.75 0.30 -0.17 -2.07 
0.75 0.30 -0.18 -2.06 
0.75 0.30 -0.18 -2.06 
0.75 0.30 -0.19 -2.06 
0.75 0.29 -0.19 -2.06 
0.75 0.29 -0.20 -2.06 
0.75 0.29 -0.21 -2.05 
0.75 0.29 -0.21 -2.05 
0.75 0.29 -0.22 -2.05 
0.75 0.28 -0.23 -2.05 
0.75 0.28 -0.23 -2.05 
0.75 0.28 -0.24 -2.04 
0.75 0.28 -0.24 -2.04 
0.75 0.27 -0.25 -2.04 
0.75 0.27 -0.26 -2.04 
0.75 0.27 -0.26 -2.04 
0.75 0.27 -0.27 -2.03 
0.75 0.27 -0.27 -2.03 
0.75 0.26 -0.28 -2.03 
0.75 0.26 -0.29 -2.03 
0.75 0.26 -0.29 -2.03 
0.75 0.26 -0.30 -2.02 
0.75 0.26 -0.30 -2.02 
0.75 0.25 -0.31 -2.02 
0.75 0.25 -0.32 -2.02 
0.75 0.25 -0.32 -2.01 
0.75 0.25 -0.33 -2.01 
0.75 0.25 -0.34 -2.01 
0.75 0.24 -0.34 -2.01 
0.75 0.24 -0.35 -2.00 
0.74 0.24 -0.35 -2.00 
0.74 0.24 -0.36 -2.00 
0.74 0.24 -0.37 -1.99 
0.74 0.23 -0.37 -1.99 
0.74 0.23 -0.38 -1.99 
0.74 0.23 -0.38 -1.99 
0.74 0.23 -0.39 -1.98 
0.74 0.23 -0.40 -1.98 
0.74 0.22 -0.40 -1.98 
0.74 0.22 -0.41 -1.97 
0.74 0.22 -0.42 -1.97 
0.74 0.22 -0.42 -1.97 
0.74 0.22 -0.43 -1.96 
0.74 0.22 -0.43 -1.96 
0.74 0.21 -0.44 -1.96 
0.74 0.21 -0.45 -1.95 
0.74 0.21 -0.45 -1.95 
0.74 0.21 -0.46 -1.94 
0.74 0.21 -0.46 -1.94 
0.74 0.20 -0.47 -1.94 
0.74 0.20 -0.48 -1.93 
0.74 0.20 -0.48 -1.93 
0.74 0.20 -0.49 -1.93 
0.74 0.20 -0.50 -1.92 
0.73 0.19 -0.50 -1.92 
0.73 0.19 -0.51 -1.91 
0.73 0.19 -0.51 -1.91 
0.73 0.19 -0.52 -1.90 
0.73 0.19 -0.53 -1.90 
0.73 0.18 -0.53 -1.89 
0.73 0.18 -0.54 -1.89 
0.73 0.18 -0.54 -1.89 
0.73 0.18 -0.55 -1.88 
0.73 0.18 -0.56 -1.88 
0.73 0.17 -0.56 -1.87 
0.73 0.17 -0.57 -1.87 
0.73 0.17 -0.57 -1.86 
0.73 0.17 -0.58 -1.86 
0.73 0.17 -0.59 -1.85 
0.73 0.17 -0.59 -1.84 
0.73 0.16 -0.60 -1.84 
0.73 0.16 -0.60 -1.83 
0.72 0.16 -0.61 -1.83 
0.72 0.16 -0.62 -1.82 
0.72 0.16 -0.62 -1.82 
0.72 0.15 -0.63 -1.81 
0.72 0.15 -0.63 -1.80 
0.72 0.15 -0.64 -1.80 
0.72 0.15 -0.65 -1.79 
0.72 0.15 -0.65 -1.79 
0.72 0.15 -0.66 -1.78 
0.72 0.14 -0.66 -1.77 
0.72 0.14 -0.67 -1.77 
0.72 0.14 -0.68 -1.76 
0.72 0.14 -0.68 -1.75 
0.72 0.14 -0.69 -1.75 
0.72 0.14 -0.69 -1.74 
0.71 0.13 -0.70 -1.73 
0.71 0.13 -0.71 -1.72 
0.71 0.13 -0.71 -1.72 
0.71 0.13 -0.72 -1.71 
0.71 0.13 -0.72 -1.70 
0.71 0.13 -0.73 -1.69 
0.71 0.12 -0.74 -1.69 
0.71 0.12 -0.74 -1.68 
0.71 0.12 -0.75 -1.67 
0.71 0.12 -0.75 -1.66 
0.71 0.12 -0.76 -1.65 
0.71 0.12 -0.77 -1.65 
0.71 0.11 -0.77 -1.64 
0.71 0.11 -0.78 -1.63 
0.70 0.11 -0.78 -1.62 
0.70 0.11 -0.79 -1.61 
0.70 0.11 -0.79 -1.60 
0.70 0.11 -0.80 -1.59 
0.70 0.10 -0.81 -1.58 
0.70 0.10 -0.81 -1.58 
0.70 0.10 -0.82 -1.57 
0.70 0.10 -0.82 -1.56 
0.70 0.10 -0.83 -1.55 
0.70 0.10 -0.83 -1.54 
0.70 0.09 -0.84 -1.53 
0.70 0.09 -0.85 -1.52 
0.69 0.09 -0.85 -1.51 
0.69 0.09 -0.86 -1.50 
0.69 0.09 -0.86 -1.49 
0.69 0.09 -0.87 -1.48 
0.69 0.09 -0.87 -1.47 
0.69 0.08 -0.88 -1.46 
0.69 0.08 -0.89 -1.44 
0.69 0.08 -0.89 -1.43 
0.69 0.08 -0.90 -1.42 
0.69 0.08 -0.90 -1.41 
0.69 0.08 -0.91 -1.40 
0.69 0.08 -0.91 -1.39 
0.68 0.07 -0.92 -1.38 
0.68 0.07 -0.92 -1.37 
0.68 0.07 -0.93 -1.35 
0.68 0.07 -0.94 -1.34 
0.68 0.07 -0.94 -1.33 
0.68 0.07 -0.95 -1.32 
0.68 0.07 -0.95 -1.30 
0.68 0.06 -0.96 -1.29 
0.68 0.06 -0.96 -1.28 
0.68 0.06 -0.97 -1.27 
0.67 0.06 -0.97 -1.25 
0.67 0.06 -0.98 -1.24 
0.67 0.06 -0.98 -1.23 
0.67 0.06 -0.99 -1.21 
0.67 0.06 -1.00 -1.20 
0.67 0.05 -1.00 -1.19 
0.67 0.05 -1.01 -1.17 
0.67 0.05 -1.01 -1.16 
0.67 0.05 -1.02 -1.14 
0.67 0.05 -1.02 -1.13 
0.66 0.05 -1.03 -1.12 
0.66 0.05 -1.03 -1.10 
0.66 0.05 -1.04 -1.09 
0.66 0.05 -1.04 -1.07 
0.66 0.04 -1.05 -1.06 
0.66 0.04 -1.05 -1.04 
0.66 0.04 -1.06 -1.03 
0.66 0.04 -1.06 -1.01 
0.66 0.04 -1.07 -0.99 
0.66 0.04 -1.07 -0.98 
0.65 0.04 -1.08 -0.96 
0.65 0.04 -1.08 -0.95 
0.65 0.04 -1.09 -0.93 
0.65 0.04 -1.09 -0.91 
0.65 0.04 -1.10 -0.90 
0.65 0.03 -1.11 -0.88 
0.65 0.03 -1.11 -0.86 
0.65 0.03 -1.12 -0.85 
0.65 0.03 -1.12 -0.83 
0.64 0.03 -1.13 -0.81 
0.64 0.03 -1.13 -0.80 
0.64 0.03 -1.14 -0.78 
0.64 0.03 -1.14 -0.76 
0.64 0.03 -1.15 -0.74 
0.64 0.03 -1.15 -0.72 
0.64 0.03 -1.16 -0.71 
0.64 0.03 -1.16 -0.69 
0.64 0.02 -1.17 -0.67 
0.63 0.02 -1.17 -0.65 
0.63 0.02 -1.18 -0.63 
0.63 0.02 -1.18 -0.61 
0.63 0.02 -1.19 -0.59 
0.63 0.02 -1.19 -0.57 
0.63 0.02 -1.19 -0.56 
0.63 0.02 -1.20 -0.54 
0.63 0.02 -1.20 -0.52 
0.62 0.02 -1.21 -0.50 
0.62 0.02 -1.21 -0.48 
0.62 0.02 -1.22 -0.46 
0.62 0.02 -1.22 -0.44 
0.62 0.02 -1.23 -0.41 
0.62 0.02 -1.23 -0.39 
0.62 0.02 -1.24 -0.37 
0.62 0.02 -1.24 -0.35 
0.61 0.02 -1.25 -0.33 
0.61 0.02 -1.25 -0.31 
0.61 0.02 -1.26 -0.29 
0.61 0.02 -1.26 -0.27 
0.61 0.02 -1.27 -0.24 
0.61 0.02 -1.27 -0.22 
0.61 0.01 -1.28 -0.20 
0.61 0.01 -1.28 -0.18 
0.60 0.01 -1.29 -0.16 
0.60 0.01 -1.29 -0.13 
0.60 0.01 -1.30 -0.11 
0.60 0.01 -1.30 -0.09 
0.60 0.01 -1.31 -0.06 
0.60 0.01 -1.31 -0.04 
0.60 0.01 -1.32 -0.02 
0.60 0.01 -1.32 0.01 
0.59 0.01 -1.32 0.03 
0.59 0.01 -1.33 0.06 
0.59 0.01 -1.33 0.08 
0.59 0.01 -1.34 0.10 
0.59 0.01 -1.34 0.13 
0.59 0.01 -1.35 0.15 
0.59 0.01 -1.35 0.18 
0.59 0.01 -1.36 0.20 
0.58 0.02 -1.36 0.23 
0.58 0.02 -1.37 0.25 
0.58 0.02 -1.37 0.28 
0.58 0.02 -1.38 0.30 
0.58 0.02 -1.38 0.33 
0.58 0.02 -1.39 0.36 
0.58 0.02 -1.39 0.38 
0.57 0.02 -1.40 0.41 
0.57 0.02 -1.40 0.44 
0.57 0.02 -1.41 0.46 
0.57 0.02 -1.41 0.49 
0.57 0.02 -1.42 0.52 
0.57 0.02 -1.42 0.54 
0.57 0.02 -1.43 0.57 
0.56 0.02 -1.43 0.60 
0.56 0.02 -1.44 0.63 
0.56 0.02 -1.44 0.66 
0.56 0.02 -1.45 0.68 
0.56 0.02 -1.45 0.71 
0.56 0.02 -1.46 0.74 
0.56 0.02 -1.46 0.77 
0.55 0.03 -1.47 0.80 
0.55 0.03 -1.47 0.83 
0.55 0.03 -1.48 0.86 
0.55 0.03 -1.48 0.88 
0.55 0.03 -1.49 0.91 
0.55 0.03 -1.49 0.94 
0.55 0.03 -1.50 0.97 
0.54 0.03 -1.50 1.00 
0.54 0.03 -1.51 1.03 
0.54 0.03 -1.51 1.06 
0.54 0.04 -1.52 1.10 
0.54 0.04 -1.52 1.13 
0.54 0.04 -1.53 1.16 
0.53 0.04 -1.53 1.19 
0.53 0.04 -1.54 1.22 
0.53 0.04 -1.54 1.25 
0.53 0.04 -1.55 1.28 
0.53 0.04 -1.55 1.31 
0.53 0.04 -1.56 1.35 
0.53 0.05 -1.56 1.38 
0.52 0.05 -1.57 1.41 
0.52 0.05 -1.58 1.44 
0.52 0.05 -1.58 1.47 
0.52 0.05 -1.59 1.51 
0.52 0.05 -1.59 1.54 
0.52 0.05 -1.60 1.57 
0.51 0.06 -1.60 1.61 
0.51 0.06 -1.61 1.64 
0.51 0.06 -1.61 1.67 
0.51 0.06 -1.62 1.71 
0.51 0.06 -1.63 1.74 
0.51 0.06 -1.63 1.77 
0.50 0.07 -1.64 1.81 
0.50 0.07 -1.64 1.84 
0.50 0.07 -1.65 1.88 
0.50 0.07 -1.65 1.91 
0.50 0.07 -1.66 1.94 
0.50 0.08 -1.67 1.98 
0.49 0.08 -1.67 2.01 
0.49 0.08 -1.68 2.05 
0.49 0.08 -1.68 2.08 
0.49 0.08 -1.69 2.12 
0.49 0.09 -1.70 2.15 
0.49 0.09 -1.70 2.19 
0.48 0.09 -1.71 2.22 
0.48 0.09 -1.72 2.26 
0.48 0.10 -1.72 2.29 
0.48 0.10 -1.73 2.33 
0.48 0.10 -1.73 2.37 
0.48 0.10 -1.74 2.40 
0.47 0.10 -1.75 2.44 
0.47 0.11 -1.75 2.47 
0.47 0.11 -1.76 2.51 
0.47 0.11 -1.77 2.54 
0.47 0.11 -1.77 2.58 
0.47 0.12 -1.78 2.62 
0.46 0.12 -1.78 2.65 
0.46 0.12 -1.79 2.69 
0.46 0.13 -1.80 2.72 
0.46 0.13 -1.80 2.76 
0.46 0.13 -1.81 2.79 
0.45 0.13 -1.82 2.83 
0.45 0.14 -1.82 2.86 
0.45 0.14 -1.83 2.90 
0.45 0.14 -1.84 2.93 
0.45 0.15 -1.84 2.97 
0.45 0.15 -1.85 3.00 
0.44 0.15 -1.86 3.04 
0.44 0.15 -1.86 3.07 
0.44 0.16 -1.87 3.11 
0.44 0.16 -1.88 3.14 
0.44 0.16 -1.88 3.18 
0.43 0.17 -1.89 3.21 
0.43 0.17 -1.90 3.24 
0.43 0.17 -1.90 3.28 
0.43 0.18 -1.91 3.31 
0.43 0.18 -1.92 3.34 
0.42 0.18 -1.92 3.38 
0.42 0.19 -1.93 3.41 
0.42 0.19 -1.93 3.44 
0.42 0.19 -1.94 3.47 
0.42 0.20 -1.95 3.50 
0.42 0.20 -1.95 3.53 
0.41 0.20 -1.96 3.56 
0.41 0.21 -1.97 3.59 
0.41 0.21 -1.97 3.62 
0.41 0.21 -1.98 3.65 
0.41 0.22 -1.98 3.68 
0.40 0.22 -1.99 3.71 
0.40 0.23 -1.99 3.73 
0.40 0.23 -2.00 3.76 
0.40 0.23 -2.01 3.78 
0.40 0.24 -2.01 3.81 
0.39 0.24 -2.02 3.83 
0.39 0.24 -2.02 3.86 
0.39 0.25 -2.03 3.88 
0.39 0.25 -2.03 3.90 
0.39 0.26 -2.04 3.92 
0.38 0.26 -2.04 3.94 
0.38 0.26 -2.05 3.96 
0.38 0.27 -2.05 3.98 
0.38 0.27 -2.06 4.00 
0.38 0.28 -2.06 4.02 
0.37 0.28 -2.06 4.03 
0.37 0.28 -2.07 4.05 
0.37 0.29 -2.07 4.06 
0.37 0.29 -2.08 4.08 
0.36 0.30 -2.08 4.09 
0.36 0.30 -2.08 4.10 
0.36 0.30 -2.09 4.11 
0.36 0.31 -2.09 4.12 
0.36 0.31 -2.09 4.13 
0.35 0.32 -2.09 4.14 
0.35 0.32 -2.10 4.14 
0.35 0.33 -2.10 4.15 
0.35 0.33 -2.10 4.15 
0.35 0.33 -2.10 4.15 
0.34 0.34 -2.11 4.16 
0.34 0.34 -2.11 4.16 
0.34 0.35 -2.11 4.16 
0.34 0.35 -2.11 4.16 
0.34 0.35 -2.11 4.15 
0.33 0.36 -2.11 4.15 
0.33 0.36 -2.11 4.14 
0.33 0.37 -2.11 4.14 
0.33 0.37 -2.11 4.13 
0.33 0.37 -2.11 4.12 
0.32 0.38 -2.12 4.11 
0.32 0.38 -2.12 4.10 
0.32 0.39 -2.12 4.09 
0.32 0.39 -2.11 4.08 
0.31 0.40 -2.11 4.06 
0.31 0.40 -2.11 4.05 
0.31 0.40 -2.11 4.03 
0.31 0.41 -2.11 4.01 
0.31 0.41 -2.11 4.00 
0.30 0.42 -2.11 3.98 
0.30 0.42 -2.11 3.96 
0.30 0.42 -2.11 3.93 
0.30 0.43 -2.11 3.91 
0.30 0.43 -2.10 3.89 
0.29 0.43 -2.10 3.86 
0.29 0.44 -2.10 3.84 
0.29 0.44 -2.10 3.81 
0.29 0.45 -2.10 3.79 
0.29 0.45 -2.09 3.76 
0.28 0.45 -2.09 3.73 
0.28 0.46 -2.09 3.70 
0.28 0.46 -2.09 3.67 
0.28 0.46 -2.08 3.64 
0.27 0.47 -2.08 3.61 
0.27 0.47 -2.08 3.57 
0.27 0.48 -2.08 3.54 
0.27 0.48 -2.07 3.50 
0.27 0.48 -2.07 3.47 
0.26 0.49 -2.07 3.43 
0.26 0.49 -2.06 3.40 
0.26 0.49 -2.06 3.36 
0.26 0.50 -2.06 3.32 
0.26 0.50 -2.05 3.28 
0.25 0.50 -2.05 3.25 
0.25 0.51 -2.05 3.21 
0.25 0.51 -2.04 3.17 
0.25 0.51 -2.04 3.12 
0.25 0.51 -2.04 3.08 
0.24 0.52 -2.03 3.04 
0.24 0.52 -2.03 3.00 
0.24 0.52 -2.03 2.96 
0.24 0.53 -2.02 2.91 
0.24 0.53 -2.02 2.87 
0.23 0.53 -2.02 2.83 
0.23 0.54 -2.01 2.78 
0.23 0.54 -2.01 2.74 
0.23 0.54 -2.01 2.69 
0.23 0.54 -2.01 2.65 
0.22 0.55 -2.00 2.60 
0.22 0.55 -2.00 2.56 
0.22 0.55 -2.00 2.51 
0.22 0.55 -1.99 2.46 
0.22 0.56 -1.99 2.42 
0.21 0.56 -1.99 2.37 
0.21 0.56 -1.98 2.32 
0.21 0.56 -1.98 2.28 
0.21 0.57 -1.98 2.23 
0.21 0.57 -1.97 2.18 
0.20 0.57 -1.97 2.13 
0.20 0.57 -1.97 2.08 
0.20 0.57 -1.96 2.03 
0.20 0.58 -1.96 1.99 
0.20 0.58 -1.96 1.94 
0.19 0.58 -1.96 1.89 
0.19 0.58 -1.95 1.84 
0.19 0.58 -1.95 1.79 
0.19 0.59 -1.95 1.74 
0.19 0.59 -1.94 1.69 
0.18 0.59 -1.94 1.64 
0.18 0.59 -1.94 1.59 
0.18 0.59 -1.94 1.54 
0.18 0.59 -1.93 1.49 
0.18 0.59 -1.93 1.44 
0.18 0.60 -1.93 1.39 
0.17 0.60 -1.93 1.33 
0.17 0.60 -1.92 1.28 
0.17 0.60 -1.92 1.23 
0.17 0.60 -1.92 1.18 
0.17 0.60 -1.92 1.13 
0.16 0.60 -1.91 1.08 
0.16 0.60 -1.91 1.03 
0.16 0.61 -1.91 0.98 
0.16 0.61 -1.91 0.93 
0.16 0.61 -1.90 0.87 
0.15 0.61 -1.90 0.82 
0.15 0.61 -1.90 0.77 
0.15 0.61 -1.90 0.72 
0.15 0.61 -1.90 0.67 
0.15 0.61 -1.89 0.62 
0.14 0.61 -1.89 0.56 
0.14 0.61 -1.89 0.51 
0.14 0.61 -1.89 0.46 
0.14 0.61 -1.88 0.41 
0.14 0.61 -1.88 0.36 
0.14 0.61 -1.88 0.30 
0.13 0.61 -1.88 0.25 
0.13 0.61 -1.88 0.20 
0.13 0.61 -1.87 0.15 
0.13 0.61 -1.87 0.10 
0.13 0.61 -1.87 0.04 
0.12 0.61 -1.87 -0.01 
0.12 0.61 -1.86 -0.06 
0.12 0.61 -1.86 -0.11 
0.12 0.61 -1.86 -0.17 
0.12 0.61 -1.86 -0.22 
0.11 0.61 -1.86 -0.27 
0.11 0.61 -1.85 -0.32 
0.11 0.61 -1.85 -0.37 
0.11 0.61 -1.85 -0.43 
0.11 0.61 -1.85 -0.48 
0.11 0.61 -1.84 -0.53 
0.10 0.61 -1.84 -0.58 
0.10 0.61 -1.84 -0.63 
0.10 0.61 -1.84 -0.69 
0.10 0.61 -1.83 -0.74 
0.10 0.61 -1.83 -0.79 
0.09 0.61 -1.83 -0.84 
0.09 0.61 -1.83 -0.89 
0.09 0.61 -1.82 -0.94 
0.09 0.61 -1.82 -1.00 
0.09 0.60 -1.82 -1.05 
0.09 0.60 -1.81 -1.10 
0.08 0.60 -1.81 -1.15 
0.08 0.60 -1.81 -1.20 
0.08 0.60 -1.81 -1.25 
0.08 0.60 -1.80 -1.30 
0.08 0.60 -1.80 -1.35 
0.07 0.60 -1.80 -1.41 
0.07 0.59 -1.79 -1.46 
0.07 0.59 -1.79 -1.51 
0.07 0.59 -1.79 -1.56 
0.07 0.59 -1.78 -1.61 
0.07 0.59 -1.78 -1.66 
0.06 0.59 -1.78 -1.71 
0.06 0.58 -1.77 -1.76 
0.06 0.58 -1.77 -1.81 
0.06 0.58 -1.76 -1.86 
0.06 0.58 -1.76 -1.91 
0.06 0.58 -1.76 -1.96 
0.05 0.58 -1.75 -2.01 
0.05 0.57 -1.75 -2.06 
0.05 0.57 -1.74 -2.10 
0.05 0.57 -1.74 -2.15 
0.05 0.57 -1.74 -2.20 
0.04 0.56 -1.73 -2.25 
0.04 0.56 -1.73 -2.30 
0.04 0.56 -1.72 -2.35 
0.04 0.56 -1.72 -2.39 
0.04 0.56 -1.71 -2.44 
0.04 0.55 -1.71 -2.49 
0.03 0.55 -1.70 -2.54 
0.03 0.55 -1.70 -2.58 
0.03 0.55 -1.69 -2.63 
0.03 0.54 -1.69 -2.68 
0.03 0.54 -1.68 -2.72 
0.03 0.54 -1.68 -2.77 
0.02 0.53 -1.67 -2.82 
0.02 0.53 -1.67 -2.86 
0.02 0.53 -1.66 -2.91 
0.02 0.53 -1.65 -2.95 
0.02 0.52 -1.65 -3.00 
0.02 0.52 -1.64 -3.04 
0.01 0.52 -1.64 -3.08 
0.01 0.51 -1.63 -3.13 
0.01 0.51 -1.62 -3.17 
0.01 0.51 -1.62 -3.22 
0.01 0.50 -1.61 -3.26 
0.01 0.50 -1.60 -3.30 
0.00 0.50 -1.60 -3.34 
0.00 0.49 -1.59 -3.39 
0.00 0.49 -1.58 -3.43 
0.00 0.49 -1.58 -3.47 
-0.00 0.48 -1.57 -3.51 
-0.00 0.48 -1.56 -3.55 
-0.00 0.48 -1.55 -3.59 
-0.01 0.47 -1.55 -3.63 
-0.01 0.47 -1.54 -3.67 
-0.01 0.47 -1.53 -3.71 
-0.01 0.46 -1.52 -3.75 
-0.01 0.46 -1.52 -3.79 
-0.01 0.45 -1.51 -3.83 
-0.02 0.45 -1.50 -3.86 
-0.02 0.45 -1.49 -3.90 
-0.02 0.44 -1.48 -3.94 
-0.02 0.44 -1.48 -3.98 
-0.02 0.43 -1.47 -4.01 
-0.02 0.43 -1.46 -4.05 
-0.02 0.43 -1.45 -4.09 
-0.03 0.42 -1.44 -4.12 
-0.03 0.42 -1.43 -4.16 
-0.03 0.41 -1.42 -4.19 
-0.03 0.41 -1.42 -4.22 
-0.03 0.41 -1.41 -4.26 
-0.03 0.40 -1.40 -4.29 
-0.03 0.40 -1.39 -4.32 
-0.04 0.39 -1.38 -4.36 
-0.04 0.39 -1.37 -4.39 
-0.04 0.38 -1.36 -4.42 
-0.04 0.38 -1.35 -4.45 
-0.04 0.38 -1.34 -4.48 
-0.04 0.37 -1.33 -4.51 
-0.04 0.37 -1.32 -4.54 
-0.04 0.36 -1.31 -4.57 
-0.05 0.36 -1.31 -4.60 
-0.05 0.35 -1.30 -4.63 
-0.05 0.35 -1.29 -4.66 
-0.05 0.34 -1.28 -4.69 
-0.05 0.34 -1.27 -4.72 
-0.05 0.33 -1.26 -4.74 
-0.05 0.33 -1.25 -4.77 
-0.05 0.32 -1.24 -4.80 
-0.06 0.32 -1.23 -4.82 
-0.06 0.32 -1.22 -4.85 
-0.06 0.31 -1.21 -4.88 
-0.06 0.31 -1.20 -4.90 
-0.06 0.30 -1.19 -4.93 
-0.06 0.30 -1.18 -4.95 
-0.06 0.29 -1.17 -4.97 
-0.06 0.29 -1.16 -5.00 
-0.07 0.28 -1.15 -5.02 
-0.07 0.28 -1.14 -5.04 
-0.07 0.27 -1.13 -5.07 
-0.07 0.27 -1.12 -5.09 
-0.07 0.26 -1.11 -5.11 
-0.07 0.26 -1.10 -5.13 
-0.07 0.25 -1.09 -5.15 
-0.07 0.25 -1.08 -5.17 
-0.07 0.24 -1.07 -5.19 
-0.08 0.23 -1.06 -5.21 
-0.08 0.23 -1.05 -5.23 
-0.08 0.22 -1.04 -5.25 
-0.08 0.22 -1.04 -5.27 
-0.08 0.21 -1.03 -5.29 
-0.08 0.21 -1.02 -5.30 
-0.08 0.20 -1.01 -5.32 
-0.08 0.20 -1.00 -5.34 
-0.08 0.19 -0.99 -5.36 
-0.08 0.19 -0.98 -5.37 
-0.09 0.18 -0.97 -5.39 
-0.09 0.18 -0.96 -5.40 
-0.09 0.17 -0.95 -5.42 
-0.09 0.17 -0.94 -5.43 
-0.09 0.16 -0.94 -5.45 
-0.09 0.15 -0.93 -5.46 
-0.09 0.15 -0.92 -5.48 
-0.09 0.14 -0.91 -5.49 
-0.09 0.14 -0.90 -5.51 
-0.09 0.13 -0.89 -5.52 
-0.09 0.13 -0.89 -5.53 
-0.10 0.12 -0.88 -5.54 
-0.10 0.12 -0.87 -5.56 
-0.10 0.11 -0.86 -5.57 
-0.10 0.11 -0.85 -5.58 
-0.10 0.10 -0.85 -5.59 
-0.10 0.09 -0.84 -5.60 
-0.10 0.09 -0.83 -5.61 
-0.10 0.08 -0.83 -5.62 
-0.10 0.08 -0.82 -5.63 
-0.10 0.07 -0.81 -5.64 
-0.10 0.07 -0.80 -5.65 
-0.11 0.06 -0.80 -5.66 
-0.11 0.05 -0.79 -5.67 
-0.11 0.05 -0.79 -5.68 
-0.11 0.04 -0.78 -5.69 
-0.11 0.04 -0.77 -5.69 
-0.11 0.03 -0.77 -5.70 
-0.11 0.03 -0.76 -5.71 
-0.11 0.02 -0.76 -5.72 
-0.11 0.02 -0.75 -5.72 
-0.11 0.01 -0.75 -5.73 
-0.11 0.00 -0.74 -5.74 
-0.11 -0.00 -0.74 -5.74 
-0.11 -0.01 -0.73 -5.75 
-0.11 -0.01 -0.73 -5.75 
-0.12 -0.02 -0.72 -5.76 
-0.12 -0.03 -0.72 -5.76 
-0.12 -0.03 -0.71 -5.77 
-0.12 -0.04 -0.71 -5.77 
-0.12 -0.04 -0.71 -5.78 
-0.12 -0.05 -0.70 -5.78 
-0.12 -0.05 -0.70 -5.79 
-0.12 -0.06 -0.70 -5.79 
-0.12 -0.07 -0.69 -5.79 
-0.12 -0.07 -0.69 -5.79 
-0.12 -0.08 -0.69 -5.80 
-0.12 -0.08 -0.69 -5.80 
-0.12 -0.09 -0.69 -5.80 
-0.12 -0.09 -0.68 -5.80 
-0.13 -0.10 -0.68 -5.80 
-0.13 -0.11 -0.68 -5.81 
-0.13 -0.11 -0.68 -5.81 
-0.13 -0.12 -0.68 -5.81 
-0.13 -0.12 -0.68 -5.81 
-0.13 -0.13 -0.68 -5.81 
-0.13 -0.13 -0.68 -5.81 
-0.13 -0.14 -0.68 -5.81 
-0.13 -0.15 -0.68 -5.81 
-0.13 -0.15 -0.68 -5.81 
-0.13 -0.16 -0.68 -5.80 
-0.13 -0.16 -0.68 -5.80 
-0.13 -0.17 -0.68 -5.80 
-0.13 -0.18 -0.68 -5.80 
-0.13 -0.18 -0.68 -5.80 
-0.14 -0.19 -0.68 -5.79 
-0.14 -0.19 -0.68 -5.79 
-0.14 -0.20 -0.68 -5.79 
-0.14 -0.20 -0.68 -5.78 
-0.14 -0.21 -0.69 -5.78 
-0.14 -0.22 -0.69 -5.78 
-0.14 -0.22 -0.69 -5.77 
-0.14 -0.23 -0.69 -5.77 
-0.14 -0.23 -0.70 -5.76 
-0.14 -0.24 -0.70 -5.76 
-0.14 -0.24 -0.70 -5.75 
-0.14 -0.25 -0.71 -5.75 
-0.14 -0.26 -0.71 -5.74 
-0.14 -0.26 -0.71 -5.74 
-0.15 -0.27 -0.72 -5.73 
-0.15 -0.27 -0.72 -5.73 
-0.15 -0.28 -0.72 -5.72 
-0.15 -0.28 -0.73 -5.71 
-0.15 -0.29 -0.73 -5.70 
-0.15 -0.30 -0.74 -5.70 
-0.15 -0.30 -0.74 -5.69 
-0.15 -0.31 -0.75 -5.68 
-0.15 -0.31 -0.75 -5.67 
-0.15 -0.32 -0.76 -5.66 
-0.15 -0.32 -0.76 -5.66 
-0.15 -0.33 -0.77 -5.65 
-0.15 -0.34 -0.77 -5.64 
-0.15 -0.34 -0.78 -5.63 
-0.16 -0.35 -0.79 -5.62 
-0.16 -0.35 -0.79 -5.61 
-0.16 -0.36 -0.80 -5.60 
-0.16 -0.36 -0.80 -5.59 
-0.16 -0.37 -0.81 -5.58 
-0.16 -0.37 -0.82 -5.56 
-0.16 -0.38 -0.82 -5.55 
-0.16 -0.39 -0.83 -5.54 
-0.16 -0.39 -0.84 -5.53 
-0.16 -0.40 -0.84 -5.52 
-0.16 -0.40 -0.85 -5.50 
-0.16 -0.41 -0.86 -5.49 
-0.17 -0.41 -0.87 -5.48 
-0.17 -0.42 -0.87 -5.46 
-0.17 -0.42 -0.88 -5.45 
-0.17 -0.43 -0.89 -5.44 
-0.17 -0.43 -0.90 -5.42 
-0.17 -0.44 -0.90 -5.41 
-0.17 -0.45 -0.91 -5.39 
-0.17 -0.45 -0.92 -5.38 
-0.17 -0.46 -0.93 -5.36 
-0.17 -0.46 -0.94 -5.35 
-0.17 -0.47 -0.94 -5.33 
-0.18 -0.47 -0.95 -5.31 
-0.18 -0.48 -0.96 -5.30 
-0.18 -0.48 -0.97 -5.28 
-0.18 -0.49 -0.98 -5.26 
-0.18 -0.49 -0.99 -5.24 
-0.18 -0.50 -0.99 -5.23 
-0.18 -0.50 -1.00 -5.21 
-0.18 -0.51 -1.01 -5.19 
-0.18 -0.51 -1.02 -5.17 
-0.18 -0.52 -1.03 -5.15 
-0.19 -0.52 -1.04 -5.13 
-0.19 -0.53 -1.04 -5.11 
-0.19 -0.53 -1.05 -5.09 
-0.19 -0.54 -1.06 -5.07 
-0.19 -0.54 -1.07 -5.05 
-0.19 -0.55 -1.08 -5.03 
-0.19 -0.55 -1.09 -5.01 
-0.19 -0.56 -1.10 -4.98 
-0.19 -0.56 -1.11 -4.96 
-0.19 -0.57 -1.11 -4.94 
-0.20 -0.57 -1.12 -4.92 
-0.20 -0.58 -1.13 -4.89 
-0.20 -0.58 -1.14 -4.87 
-0.20 -0.59 -1.15 -4.85 
-0.20 -0.59 -1.16 -4.82 
-0.20 -0.60 -1.17 -4.80 
-0.20 -0.60 -1.18 -4.77 
-0.20 -0.61 -1.18 -4.75 
-0.21 -0.61 -1.19 -4.72 
-0.21 -0.62 -1.20 -4.70 
-0.21 -0.62 -1.21 -4.67 
-0.21 -0.63 -1.22 -4.64 
-0.21 -0.63 -1.23 -4.62 
-0.21 -0.64 -1.23 -4.59 
-0.21 -0.64 -1.24 -4.56 
-0.21 -0.64 -1.25 -4.54 
-0.22 -0.65 -1.26 -4.51 
-0.22 -0.65 -1.27 -4.48 
-0.22 -0.66 -1.28 -4.45 
-0.22 -0.66 -1.28 -4.42 
-0.22 -0.67 -1.29 -4.39 
-0.22 -0.67 -1.30 -4.36 
-0.22 -0.68 -1.31 -4.33 
-0.22 -0.68 -1.32 -4.30 
-0.23 -0.68 -1.32 -4.27 
-0.23 -0.69 -1.33 -4.24 
-0.23 -0.69 -1.34 -4.21 
-0.23 -0.70 -1.35 -4.18 
-0.23 -0.70 -1.35 -4.15 
-0.23 -0.71 -1.36 -4.11 
-0.23 -0.71 -1.37 -4.08 
-0.23 -0.71 -1.38 -4.05 
-0.24 -0.72 -1.38 -4.02 
-0.24 -0.72 -1.39 -3.98 
-0.24 -0.73 -1.40 -3.95 
-0.24 -0.73 -1.41 -3.92 
-0.24 -0.73 -1.41 -3.88 
-0.24 -0.74 -1.42 -3.85 
-0.24 -0.74 -1.43 -3.81 
-0.25 -0.74 -1.43 -3.78 
-0.25 -0.75 -1.44 -3.74 
-0.25 -0.75 -1.45 -3.71 
-0.25 -0.76 -1.45 -3.67 
-0.25 -0.76 -1.46 -3.63 
-0.25 -0.76 -1.47 -3.60 
-0.25 -0.77 -1.47 -3.56 
-0.26 -0.77 -1.48 -3.52 
-0.26 -0.77 -1.48 -3.49 
-0.26 -0.78 -1.49 -3.45 
-0.26 -0.78 -1.50 -3.41 
-0.26 -0.78 -1.50 -3.37 
-0.26 -0.79 -1.51 -3.34 
-0.27 -0.79 -1.51 -3.30 
-0.27 -0.79 -1.52 -3.26 
-0.27 -0.80 -1.52 -3.22 
-0.27 -0.80 -1.53 -3.18 
-0.27 -0.80 -1.53 -3.14 
-0.27 -0.81 -1.54 -3.10 
-0.27 -0.81 -1.54 -3.06 
-0.28 -0.81 -1.55 -3.03 
-0.28 -0.82 -1.55 -2.99 
-0.28 -0.82 -1.56 -2.95 
-0.28 -0.82 -1.56 -2.91 
-0.28 -0.82 -1.57 -2.87 
-0.28 -0.83 -1.57 -2.82 
-0.29 -0.83 -1.58 -2.78 
-0.29 -0.83 -1.58 -2.74 
-0.29 -0.84 -1.58 -2.70 
-0.29 -0.84 -1.59 -2.66 
-0.29 -0.84 -1.59 -2.62 
-0.29 -0.84 -1.60 -2.58 
-0.29 -0.85 -1.60 -2.54 
-0.30 -0.85 -1.60 -2.50 
-0.30 -0.85 -1.61 -2.45 
-0.30 -0.85 -1.61 -2.41 
-0.30 -0.86 -1.61 -2.37 
-0.30 -0.86 -1.62 -2.33 
-0.30 -0.86 -1.62 -2.29 
-0.31 -0.86 -1.62 -2.24 
-0.31 -0.86 -1.63 -2.20 
-0.31 -0.87 -1.63 -2.16 
-0.31 -0.87 -1.63 -2.12 
-0.31 -0.87 -1.64 -2.07 
-0.31 -0.87 -1.64 -2.03 
-0.32 -0.88 -1.64 -1.99 
-0.32 -0.88 -1.64 -1.94 
-0.32 -0.88 -1.65 -1.90 
-0.32 -0.88 -1.65 -1.86 
-0.32 -0.88 -1.65 -1.82 
-0.32 -0.88 -1.65 -1.77 
-0.33 -0.89 -1.66 -1.73 
-0.33 -0.89 -1.66 -1.69 
-0.33 -0.89 -1.66 -1.64 
-0.33 -0.89 -1.66 -1.60 
-0.33 -0.89 -1.66 -1.56 
-0.33 -0.89 -1.67 -1.51 
-0.34 -0.90 -1.67 -1.47 
-0.34 -0.90 -1.67 -1.43 
-0.34 -0.90 -1.67 -1.38 
-0.34 -0.90 -1.67 -1.34 
-0.34 -0.90 -1.68 -1.30 
-0.34 -0.90 -1.68 -1.25 
-0.35 -0.90 -1.68 -1.21 
-0.35 -0.91 -1.68 -1.17 
-0.35 -0.91 -1.68 -1.12 
-0.35 -0.91 -1.68 -1.08 
-0.35 -0.91 -1.68 -1.04 
-0.35 -0.91 -1.69 -0.99 
-0.36 -0.91 -1.69 -0.95 
-0.36 -0.91 -1.69 -0.91 
-0.36 -0.91 -1.69 -0.86 
-0.36 -0.91 -1.69 -0.82 
-0.36 -0.91 -1.69 -0.78 
-0.36 -0.91 -1.69 -0.73 
-0.37 -0.92 -1.69 -0.69 
-0.37 -0.92 -1.70 -0.65 
-0.37 -0.92 -1.70 -0.60 
-0.37 -0.92 -1.70 -0.56 
-0.37 -0.92 -1.70 -0.52 
-0.37 -0.92 -1.70 -0.48 
-0.38 -0.92 -1.70 -0.43 
-0.38 -0.92 -1.70 -0.39 
-0.38 -0.92 -1.70 -0.35 
-0.38 -0.92 -1.70 -0.30 
-0.38 -0.92 -1.70 -0.26 
-0.38 -0.92 -1.70 -0.22 
-0.39 -0.92 -1.70 -0.18 
-0.39 -0.92 -1.71 -0.13 
-0.39 -0.92 -1.71 -0.09 
-0.39 -0.92 -1.71 -0.05 
-0.39 -0.92 -1.71 -0.01 
-0.39 -0.92 -1.71 0.04 
-0.40 -0.92 -1.71 0.08 
-0.40 -0.92 -1.71 0.12 
-0.40 -0.92 -1.71 0.16 
-0.40 -0.92 -1.71 0.20 
-0.40 -0.92 -1.71 0.25 
-0.40 -0.92 -1.71 0.29 
-0.41 -0.92 -1.71 0.33 
-0.41 -0.92 -1.71 0.37 
-0.41 -0.92 -1.71 0.41 
-0.41 -0.92 -1.72 0.45 
-0.41 -0.92 -1.72 0.50 
-0.41 -0.92 -1.72 0.54 
-0.42 -0.92 -1.72 0.58 
-0.42 -0.92 -1.72 0.62 
-0.42 -0.92 -1.72 0.66 
-0.42 -0.91 -1.72 0.70 
-0.42 -0.91 -1.72 0.74 
-0.43 -0.91 -1.72 0.78 
-0.43 -0.91 -1.72 0.82 
-0.43 -0.91 -1.72 0.86 
-0.43 -0.91 -1.72 0.90 
-0.43 -0.91 -1.72 0.94 
-0.43 -0.91 -1.72 0.99 
-0.44 -0.91 -1.73 1.03 
-0.44 -0.91 -1.73 1.07 
-0.44 -0.91 -1.73 1.11 
-0.44 -0.90 -1.73 1.15 
-0.44 -0.90 -1.73 1.18 
-0.44 -0.90 -1.73 1.22 
-0.45 -0.90 -1.73 1.26 
-0.45 -0.90 -1.73 1.30 
-0.45 -0.90 -1.73 1.34 
-0.45 -0.90 -1.73 1.38 
-0.45 -0.90 -1.73 1.42 
-0.45 -0.89 -1.74 1.46 
-0.46 -0.89 -1.74 1.50 
-0.46 -0.89 -1.74 1.54 
-0.46 -0.89 -1.74 1.58 
-0.46 -0.89 -1.74 1.61 
-0.46 -0.89 -1.74 1.65 
-0.46 -0.88 -1.74 1.69 
-0.47 -0.88 -1.74 1.73 
-0.47 -0.88 -1.74 1.77 
-0.47 -0.88 -1.75 1.80 
-0.47 -0.88 -1.75 1.84 
-0.47 -0.88 -1.75 1.88 
-0.48 -0.87 -1.75 1.91 
-0.48 -0.87 -1.75 1.95 
-0.48 -0.87 -1.75 1.99 
-0.48 -0.87 -1.75 2.02 
-0.48 -0.87 -1.75 2.06 
-0.48 -0.86 -1.76 2.10 
-0.49 -0.86 -1.76 2.13 
-0.49 -0.86 -1.76 2.17 
-0.49 -0.86 -1.76 2.21 
-0.49 -0.86 -1.76 2.24 
-0.49 -0.85 -1.76 2.28 
-0.49 -0.85 -1.76 2.31 
-0.50 -0.85 -1.77 2.35 
-0.50 -0.85 -1.77 2.38 
-0.50 -0.84 -1.77 2.41 
-0.50 -0.84 -1.77 2.45 
-0.50 -0.84 -1.77 2.48 
-0.51 -0.84 -1.77 2.52 
-0.51 -0.83 -1.78 2.55 
-0.51 -0.83 -1.78 2.58 
-0.51 -0.83 -1.78 2.61 
-0.51 -0.83 -1.78 2.65 
-0.51 -0.82 -1.78 2.68 
-0.52 -0.82 -1.78 2.71 
-0.52 -0.82 -1.78 2.74 
-0.52 -0.82 -1.79 2.77 
-0.52 -0.81 -1.79 2.80 
-0.52 -0.81 -1.79 2.84 
-0.52 -0.81 -1.79 2.87 
-0.53 -0.80 -1.79 2.90 
-0.53 -0.80 -1.79 2.93 
-0.53 -0.80 -1.80 2.95 
-0.53 -0.80 -1.80 2.98 
-0.53 -0.79 -1.80 3.01 
-0.54 -0.79 -1.80 3.04 
-0.54 -0.79 -1.80 3.07 
-0.54 -0.78 -1.80 3.09 
-0.54 -0.78 -1.80 3.12 
-0.54 -0.78 -1.81 3.15 
-0.54 -0.77 -1.81 3.17 
-0.55 -0.77 -1.81 3.20 
-0.55 -0.77 -1.81 3.22 
-0.55 -0.76 -1.81 3.25 
-0.55 -0.76 -1.81 3.27 
-0.55 -0.76 -1.81 3.30 
-0.56 -0.75 -1.81 3.32 
-0.56 -0.75 -1.81 3.34 
-0.56 -0.75 -1.81 3.36 
-0.56 -0.74 -1.82 3.39 
-0.56 -0.74 -1.82 3.41 
-0.56 -0.74 -1.82 3.43 
-0.57 -0.73 -1.82 3.45 
-0.57 -0.73 -1.82 3.47 
-0.57 -0.73 -1.82 3.48 
-0.57 -0.72 -1.82 3.50 
-0.57 -0.72 -1.82 3.52 
-0.58 -0.72 -1.82 3.54 
-0.58 -0.71 -1.82 3.55 
-0.58 -0.71 -1.82 3.57 
-0.58 -0.71 -1.82 3.59 
-0.58 -0.70 -1.82 3.60 
-0.58 -0.70 -1.82 3.61 
-0.59 -0.70 -1.82 3.63 
-0.59 -0.69 -1.82 3.64 
-0.59 -0.69 -1.82 3.65 
-0.59 -0.68 -1.82 3.66 
-0.59 -0.68 -1.81 3.67 
-0.60 -0.68 -1.81 3.68 
-0.60 -0.67 -1.81 3.69 
-0.60 -0.67 -1.81 3.70 
-0.60 -0.67 -1.81 3.71 
-0.60 -0.66 -1.81 3.72 
-0.60 -0.66 -1.81 3.72 
-0.61 -0.66 -1.81 3.73 
-0.61 -0.65 -1.80 3.74 
-0.61 -0.65 -1.80 3.74 
-0.61 -0.64 -1.80 3.75 
-0.61 -0.64 -1.80 3.75 
-0.61 -0.64 -1.79 3.75 
-0.62 -0.63 -1.79 3.75 
-0.62 -0.63 -1.79 3.76 
-0.62 -0.63 -1.79 3.76 
-0.62 -0.62 -1.78 3.76 
-0.62 -0.62 -1.78 3.76 
-0.63 -0.61 -1.78 3.75 
-0.63 -0.61 -1.78 3.75 
-0.63 -0.61 -1.77 3.75 
-0.63 -0.60 -1.77 3.75 
-0.63 -0.60 -1.77 3.74 
-0.63 -0.60 -1.76 3.74 
-0.64 -0.59 -1.76 3.74 
-0.64 -0.59 -1.75 3.73 
-0.64 -0.58 -1.75 3.72 
-0.64 -0.58 -1.75 3.72 
-0.64 -0.58 -1.74 3.71 
-0.64 -0.57 -1.74 3.70 
-0.65 -0.57 -1.73 3.70 
-0.65 -0.57 -1.73 3.69 
-0.65 -0.56 -1.72 3.68 
-0.65 -0.56 -1.72 3.67 
-0.65 -0.55 -1.71 3.66 
-0.66 -0.55 -1.71 3.65 
-0.66 -0.55 -1.70 3.64 
-0.66 -0.54 -1.70 3.63 
-0.66 -0.54 -1.69 3.62 
-0.66 -0.54 -1.69 3.60 
-0.66 -0.53 -1.68 3.59 
-0.67 -0.53 -1.68 3.58 
-0.67 -0.53 -1.67 3.56 
-0.67 -0.52 -1.67 3.55 
-0.67 -0.52 -1.66 3.54 
-0.67 -0.52 -1.65 3.52 
-0.67 -0.51 -1.65 3.51 
-0.68 -0.51 -1.64 3.49 
-0.68 -0.50 -1.64 3.48 
-0.68 -0.50 -1.63 3.46 
-0.68 -0.50 -1.62 3.44 
-0.68 -0.49 -1.62 3.43 
-0.68 -0.49 -1.61 3.41 
-0.68 -0.49 -1.60 3.40 
-0.69 -0.48 -1.60 3.38 
-0.69 -0.48 -1.59 3.36 
-0.69 -0.48 -1.58 3.34 
-0.69 -0.47 -1.58 3.33 
-0.69 -0.47 -1.57 3.31 
-0.69 -0.47 -1.56 3.29 
-0.70 -0.46 -1.56 3.27 
-0.70 -0.46 -1.55 3.25 
-0.70 -0.46 -1.54 3.24 
-0.70 -0.45 -1.54 3.22 
-0.70 -0.45 -1.53 3.20 
-0.70 -0.45 -1.52 3.18 
-0.71 -0.45 -1.52 3.16 
-0.71 -0.44 -1.51 3.14 
-0.71 -0.44 -1.50 3.12 
-0.71 -0.44 -1.50 3.10 
-0.71 -0.43 -1.49 3.09 
-0.71 -0.43 -1.48 3.07 
-0.71 -0.43 -1.47 3.05 
-0.72 -0.42 -1.47 3.03 
-0.72 -0.42 -1.46 3.01 
-0.72 -0.42 -1.45 2.99 
-0.72 -0.41 -1.45 2.97 
-0.72 -0.41 -1.44 2.95 
-0.72 -0.41 -1.43 2.93 
-0.72 -0.41 -1.42 2.91 
-0.73 -0.40 -1.42 2.89 
-0.73 -0.40 -1.41 2.87 
-0.73 -0.40 -1.40 2.86 
-0.73 -0.39 -1.40 2.84 
-0.73 -0.39 -1.39 2.82 
-0.73 -0.39 -1.38 2.80 
-0.73 -0.39 -1.37 2.78 
-0.74 -0.38 -1.37 2.76 
-0.74 -0.38 -1.36 2.74 
-0.74 -0.38 -1.35 2.72 
-0.74 -0.37 -1.35 2.70 
-0.74 -0.37 -1.34 2.69 
-0.74 -0.37 -1.33 2.67 
-0.74 -0.37 -1.32 2.65 
-0.74 -0.36 -1.32 2.63 
-0.75 -0.36 -1.31 2.61 
-0.75 -0.36 -1.30 2.59 
-0.75 -0.36 -1.30 2.58 
-0.75 -0.35 -1.29 2.56 
-0.75 -0.35 -1.28 2.54 
-0.75 -0.35 -1.27 2.52 
-0.75 -0.35 -1.27 2.50 
-0.75 -0.34 -1.26 2.49 
-0.76 -0.34 -1.25 2.47 
-0.76 -0.34 -1.25 2.45 
-0.76 -0.34 -1.24 2.43 
-0.76 -0.33 -1.23 2.42 
-0.76 -0.33 -1.22 2.40 
-0.76 -0.33 -1.22 2.38 
-0.76 -0.33 -1.21 2.37 
-0.76 -0.32 -1.20 2.35 
-0.77 -0.32 -1.20 2.33 
-0.77 -0.32 -1.19 2.32 
-0.77 -0.32 -1.18 2.30 
-0.77 -0.32 -1.18 2.29 
-0.77 -0.31 -1.17 2.27 
-0.77 -0.31 -1.16 2.25 
-0.77 -0.31 -1.15 2.24 
-0.77 -0.31 -1.15 2.22 
-0.78 -0.30 -1.14 2.21 
-0.78 -0.30 -1.13 2.19 
-0.78 -0.30 -1.13 2.18 
-0.78 -0.30 -1.12 2.16 
-0.78 -0.30 -1.11 2.15 
-0.78 -0.29 -1.11 2.13 
-0.78 -0.29 -1.10 2.12 
-0.78 -0.29 -1.09 2.10 
-0.78 -0.29 -1.09 2.09 
-0.79 -0.29 -1.08 2.08 
-0.79 -0.28 -1.07 2.06 
-0.79 -0.28 -1.07 2.05 
-0.79 -0.28 -1.06 2.03 
-0.79 -0.28 -1.05 2.02 
-0.79 -0.27 -1.05 2.01 
-0.79 -0.27 -1.04 1.99 
-0.79 -0.27 -1.03 1.98 
-0.79 -0.27 -1.03 1.97 
-0.79 -0.27 -1.02 1.95 
-0.80 -0.27 -1.01 1.94 
-0.80 -0.26 -1.01 1.93 
-0.80 -0.26 -1.00 1.92 
-0.80 -0.26 -0.99 1.90 
-0.80 -0.26 -0.99 1.89 
-0.80 -0.26 -0.98 1.88 
-0.80 -0.25 -0.97 1.87 
-0.80 -0.25 -0.97 1.86 
-0.80 -0.25 -0.96 1.85 
-0.80 -0.25 -0.96 1.83 
-0.81 -0.25 -0.95 1.82 
-0.81 -0.24 -0.94 1.81 
-0.81 -0.24 -0.94 1.80 
-0.81 -0.24 -0.93 1.79 
-0.81 -0.24 -0.92 1.78 
-0.81 -0.24 -0.92 1.77 
-0.81 -0.24 -0.91 1.76 
-0.81 -0.23 -0.90 1.75 
-0.81 -0.23 -0.90 1.74 
-0.81 -0.23 -0.89 1.73 
-0.81 -0.23 -0.89 1.72 
-0.82 -0.23 -0.88 1.71 
-0.82 -0.23 -0.87 1.70 
-0.82 -0.22 -0.87 1.69 
-0.82 -0.22 -0.86 1.68 
-0.82 -0.22 -0.85 1.67 
-0.82 -0.22 -0.85 1.66 
-0.82 -0.22 -0.84 1.65 
-0.82 -0.22 -0.84 1.64 
-0.82 -0.21 -0.83 1.63 
-0.82 -0.21 -0.82 1.62 
-0.82 -0.21 -0.82 1.61 
-0.82 -0.21 -0.81 1.61 
-0.83 -0.21 -0.81 1.60 
-0.83 -0.21 -0.80 1.59 
-0.83 -0.20 -0.79 1.58 
-0.83 -0.20 -0.79 1.57 
-0.83 -0.20 -0.78 1.57 
-0.83 -0.20 -0.78 1.56 
-0.83 -0.20 -0.77 1.55 
-0.83 -0.20 -0.76 1.54 
-0.83 -0.19 -0.76 1.53 
-0.83 -0.19 -0.75 1.53 
-0.83 -0.19 -0.75 1.52 
-0.83 -0.19 -0.74 1.51 
-0.83 -0.19 -0.73 1.51 
-0.84 -0.19 -0.73 1.50 
-0.84 -0.19 -0.72 1.49 
-0.84 -0.18 -0.72 1.49 
-0.84 -0.18 -0.71 1.48 
-0.84 -0.18 -0.70 1.47 
-0.84 -0.18 -0.70 1.47 
-0.84 -0.18 -0.69 1.46 
-0.84 -0.18 -0.69 1.45 
-0.84 -0.18 -0.68 1.45 
-0.84 -0.17 -0.67 1.44 
-0.84 -0.17 -0.67 1.43 
-0.84 -0.17 -0.66 1.43 
-0.84 -0.17 -0.66 1.42 
-0.84 -0.17 -0.65 1.42 
-0.84 -0.17 -0.64 1.41 
-0.85 -0.17 -0.64 1.41 
-0.85 -0.16 -0.63 1.40 
-0.85 -0.16 -0.63 1.40 
-0.85 -0.16 -0.62 1.39 
-0.85 -0.16 -0.62 1.39 
-0.85 -0.16 -0.61 1.38 
-0.85 -0.16 -0.60 1.38 
-0.85 -0.16 -0.60 1.37 
-0.85 -0.15 -0.59 1.37 
-0.85 -0.15 -0.59 1.36 
-0.85 -0.15 -0.58 1.36 
-0.85 -0.15 -0.58 1.35 
-0.85 -0.15 -0.57 1.35 
-0.85 -0.15 -0.56 1.34 
-0.85 -0.15 -0.56 1.34 
-0.85 -0.15 -0.55 1.33 
-0.86 -0.14 -0.55 1.33 
-0.86 -0.14 -0.54 1.33 
-0.86 -0.14 -0.54 1.32 
-0.86 -0.14 -0.53 1.32 
-0.86 -0.14 -0.52 1.31 
-0.86 -0.14 -0.52 1.31 
-0.86 -0.14 -0.51 1.31 
-0.86 -0.13 -0.51 1.30 
-0.86 -0.13 -0.50 1.30 
-0.86 -0.13 -0.50 1.30 
-0.86 -0.13 -0.49 1.29 
-0.86 -0.13 -0.48 1.29 
-0.86 -0.13 -0.48 1.29 
-0.86 -0.13 -0.47 1.28 
-0.86 -0.13 -0.47 1.28 
-0.86 -0.12 -0.46 1.28 
-0.86 -0.12 -0.46 1.27 
-0.86 -0.12 -0.45 1.27 
-0.86 -0.12 -0.45 1.27 
-0.86 -0.12 -0.44 1.26 
-0.86 -0.12 -0.43 1.26 
-0.87 -0.12 -0.43 1.26 
-0.87 -0.12 -0.42 1.26 
-0.87 -0.11 -0.42 1.25 
-0.87 -0.11 -0.41 1.25 
-0.87 -0.11 -0.41 1.25 
-0.87 -0.11 -0.40 1.25 
-0.87 -0.11 -0.39 1.24 
-0.87 -0.11 -0.39 1.24 
-0.87 -0.11 -0.38 1.24 
-0.87 -0.11 -0.38 1.24 
-0.87 -0.10 -0.37 1.23 
-0.87 -0.10 -0.37 1.23 
-0.87 -0.10 -0.36 1.23 
-0.87 -0.10 -0.36 1.23 
-0.87 -0.10 -0.35 1.23 
-0.87 -0.10 -0.34 1.22 
-0.87 -0.10 -0.34 1.22 
-0.87 -0.10 -0.33 1.22 
-0.87 -0.09 -0.33 1.22 
-0.87 -0.09 -0.32 1.22 
-0.87 -0.09 -0.32 1.22 
-0.87 -0.09 -0.31 1.21 
-0.87 -0.09 -0.31 1.21 
-0.87 -0.09 -0.30 1.21 
-0.87 -0.09 -0.30 1.21 
-0.87 -0.09 -0.29 1.21 
-0.87 -0.08 -0.28 1.21 
-0.87 -0.08 -0.28 1.20 
-0.88 -0.08 -0.27 1.20 
-0.88 -0.08 -0.27 1.20 
-0.88 -0.08 -0.26 1.20 
-0.88 -0.08 -0.26 1.20 
-0.88 -0.08 -0.25 1.20 
-0.88 -0.08 -0.25 1.20 
-0.88 -0.08 -0.24 1.20 
-0.88 -0.07 -0.23 1.19 
-0.88 -0.07 -0.23 1.19 
-0.88 -0.07 -0.22 1.19 
-0.88 -0.07 -0.22 1.19 
-0.88 -0.07 -0.21 1.19 
-0.88 -0.07 -0.21 1.19 
-0.88 -0.07 -0.20 1.19 
-0.88 -0.07 -0.20 1.19 
-0.88 -0.06 -0.19 1.19 
-0.88 -0.06 -0.19 1.19 
-0.88 -0.06 -0.18 1.19 
-0.88 -0.06 -0.17 1.18 
-0.88 -0.06 -0.17 1.18 
-0.88 -0.06 -0.16 1.18 
-0.88 -0.06 -0.16 1.18 
-0.88 -0.06 -0.15 1.18 
-0.88 -0.06 -0.15 1.18 
-0.88 -0.05 -0.14 1.18 
-0.88 -0.05 -0.14 1.18 
-0.88 -0.05 -0.13 1.18 
-0.88 -0.05 -0.13 1.18 
-0.88 -0.05 -0.12 1.18 
-0.88 -0.05 -0.11 1.18 
-0.88 -0.05 -0.11 1.18 
-0.88 -0.05 -0.10 1.18 
-0.88 -0.04 -0.10 1.17 
-0.88 -0.04 -0.09 1.17 
-0.88 -0.04 -0.09 1.17 
-0.88 -0.04 -0.08 1.17 
-0.88 -0.04 -0.08 1.17 
-0.88 -0.04 -0.07 1.17 
-0.88 -0.04 -0.07 1.17 
-0.88 -0.04 -0.06 1.17 
-0.88 -0.04 -0.06 1.17 
-0.88 -0.03 -0.05 1.17 
-0.88 -0.03 -0.04 1.17 
-0.88 -0.03 -0.04 1.17 
-0.88 -0.03 -0.03 1.17 
-0.88 -0.03 -0.03 1.17 
-0.88 -0.03 -0.02 1.17 
-0.88 -0.03 -0.02 1.17 
-0.88 -0.03 -0.01 1.17 
-0.88 -0.02 -0.01 1.17 
-0.88 -0.02 -0.00 1.17 
-0.88 -0.02 0.00 1.17 
-0.88 -0.02 0.01 1.17 
-0.88 -0.02 0.01 1.16 
-0.88 -0.02 0.02 1.16 
-0.88 -0.02 0.03 1.16 
-0.88 -0.02 0.03 1.16 
-0.88 -0.02 0.04 1.16 
-0.88 -0.01 0.04 1.16 
-0.88 -0.01 0.05 1.16 
-0.88 -0.01 0.05 1.16 
-0.88 -0.01 0.06 1.16 
-0.88 -0.01 0.06 1.16 
-0.88 -0.01 0.07 1.16 
-0.88 -0.01 0.07 1.16 
-0.88 -0.01 0.08 1.16 
-0.88 -0.01 0.08 1.16 
-0.88 -0.00 0.09 1.16 
-0.88 -0.00 0.10 1.16 
-0.88 -0.00 0.10 1.16 
-0.88 -0.00 0.11 1.16 
-0.88 0.00 0.11 1.16 
-0.88 0.00 0.12 1.16 
-0.88 0.00 0.12 1.16 
-0.88 0.00 0.13 1.15 
-0.88 0.01 0.13 1.15 
-0.88 0.01 0.14 1.15 
-0.88 0.01 0.14 1.15 
-0.88 0.01 0.15 1.15 
-0.88 0.01 0.15 1.15 
-0.88 0.01 0.16 1.15 
-0.88 0.01 0.17 1.15 
-0.88 0.01 0.17 1.15 
-0.88 0.01 0.18 1.15 
-0.88 0.02 0.18 1.15 
-0.88 0.02 0.19 1.15 
-0.88 0.02 0.19 1.15 
-0.88 0.02 0.20 1.15 
-0.88 0.02 0.20 1.14 
-0.88 0.02 0.21 1.14 
-0.88 0.02 0.21 1.14 
-0.88 0.02 0.22 1.14 
-0.88 0.02 0.22 1.14 
-0.88 0.03 0.23 1.14 
-0.88 0.03 0.23 1.14 
-0.88 0.03 0.24 1.14 
-0.88 0.03 0.25 1.14 
-0.88 0.03 0.25 1.14 
-0.88 0.03 0.26 1.13 
-0.88 0.03 0.26 1.13 
-0.88 0.03 0.27 1.13 
-0.87 0.03 0.27 1.13 
-0.87 0.04 0.28 1.13 
-0.87 0.04 0.28 1.13 
-0.87 0.04 0.29 1.13 
-0.87 0.04 0.29 1.12 
-0.87 0.04 0.30 1.12 
-0.87 0.04 0.30 1.12 
-0.87 0.04 0.31 1.12 
-0.87 0.04 0.31 1.12 
-0.87 0.05 0.32 1.12 
-0.87 0.05 0.33 1.12 
-0.87 0.05 0.33 1.11 
-0.87 0.05 0.34 1.11 
-0.87 0.05 0.34 1.11 
-0.87 0.05 0.35 1.11 
-0.87 0.05 0.35 1.11 
-0.87 0.05 0.36 1.10 
-0.87 0.05 0.36 1.10 
-0.87 0.06 0.37 1.10 
-0.87 0.06 0.37 1.10 
-0.87 0.06 0.38 1.10 
-0.87 0.06 0.38 1.09 
-0.87 0.06 0.39 1.09 
-0.87 0.06 0.39 1.09 
-0.87 0.06 0.40 1.09 
-0.87 0.06 0.40 1.09 
-0.87 0.06 0.41 1.08 
-0.87 0.06 0.42 1.08 
-0.87 0.07 0.42 1.08 
-0.86 0.07 0.43 1.08 
-0.86 0.07 0.43 1.07 
-0.86 0.07 0.44 1.07 
-0.86 0.07 0.44 1.07 
-0.86 0.07 0.45 1.06 
-0.86 0.07 0.45 1.06 
-0.86 0.07 0.46 1.06 
-0.86 0.07 0.46 1.06 
-0.86 0.08 0.47 1.05 
-0.86 0.08 0.47 1.05 
-0.86 0.08 0.48 1.05 
-0.86 0.08 0.48 1.04 
-0.86 0.08 0.49 1.04 
-0.86 0.08 0.49 1.04 
-0.86 0.08 0.50 1.03 
-0.86 0.08 0.50 1.03 
-0.86 0.08 0.51 1.03 
-0.86 0.08 0.51 1.02 
-0.86 0.09 0.52 1.02 
-0.86 0.09 0.52 1.02 
-0.86 0.09 0.53 1.01 
-0.85 0.09 0.54 1.01 
-0.85 0.09 0.54 1.00 
-0.85 0.09 0.55 1.00 
-0.85 0.09 0.55 1.00 
-0.85 0.09 0.56 0.99 
-0.85 0.09 0.56 0.99 
-0.85 0.09 0.57 0.98 
-0.85 0.10 0.57 0.98 
-0.85 0.10 0.58 0.98 
-0.85 0.10 0.58 0.97 
-0.85 0.10 0.59 0.97 
-0.85 0.10 0.59 0.96 
-0.85 0.10 0.60 0.96 
-0.85 0.10 0.60 0.95 
